25000 25.80 26.70 27.50 28.30 29.20 30000 30.80 31.70 32.50 33.30 34.20 35000 35.80 36.70 00000 00000 00000 42.50 44.20 
23.30 24.20 25000 25.80 26.70 27.50 28.30 29.20 30000 30.80 31.70 32.50 33.30 34.20 35000 36.70 38.30 40000 41.70 43.30 
21.70 22.50 23.30 24.20 25000 25.80 26.70 27.50 28.30 29.20 30000 30.80 31.70 32.50 34.20 35.80 37.50 39.20 40.80 42.50 
20000 20.80 21.70 22.50 23.30 24.20 25000 25.80 26.70 27.50 28.30 29.20 30000 31.70 33.30 35000 36.70 38.30 40000 41.70 
18.30 19.20 20000 20.80 21.70 22.50 23.30 24.20 25000 25.80 26.70 27.50 29.20 30.80 32.50 34.20 35.80 37.50 39.20 40.80 
16.70 17.50 18.30 19.20 20000 20.80 21.70 22.50 23.30 24.20 25000 26.70 28.30 30000 31.70 33.30 35000 36.70 38.30 40000 
15000 15.80 16.70 17.50 18.30 19.20 20000 20.80 21.70 22.50 24.20 25.80 27.50 29.20 30.80 32.50 34.20 35.80 37.50 39.20 
13.30 14.20 15000 15.80 16.70 17.50 18.30 19.20 20000 21.70 23.30 25000 26.70 28.30 30000 31.70 33.30 35000 36.70 38.30 
11.70 12.50 13.30 14.20 15000 15.80 16.70 17.50 19.20 20.80 22.50 24.20 25.80 27.50 29.20 30.80 32.50 34.20 35.80 37.50 
10000 10.80 11.70 12.50 13.30 14.20 15000 16.70 18.30 20000 21.70 23.30 25000 26.70 28.30 30000 31.70 33.30 35000 36.70 
8.330 9.170 10000 10.80 11.70 12.50 14.20 15.80 17.50 19.20 20.80 22.50 24.20 25.80 27.50 29.20 30.80 32.50 34.20 35.80 
6.670 7.500 8.330 9.170 10000 11.70 13.30 15000 16.70 18.30 20000 21.70 23.30 25000 26.70 28.30 30000 31.70 33.30 35000 
50000 5.830 6.670 7.500 9.170 10.80 12.50 14.20 15.80 17.50 19.20 20.80 22.50 24.20 25.80 27.50 29.20 30.80 32.50 34.20 
3.330 4.170 50000 6.670 8.330 10000 11.70 13.30 15000 16.70 18.30 20000 21.70 23.30 25000 26.70 28.30 30000 31.70 33.30 
1.670 2.500 4.170 5.830 7.500 9.170 10.80 12.50 14.20 15.80 17.50 19.20 20.80 22.50 24.20 25.80 27.50 29.20 30.80 32.50 
00000 1.670 3.330 50000 6.670 8.330 10000 11.70 13.30 15000 16.70 18.30 20000 21.70 23.30 25000 26.70 28.30 30000 31.70 
00000 1.670 3.330 50000 6.670 8.330 10000 11.70 13.30 15000 16.70 18.30 20000 21.70 23.30 25000 26.70 28.30 30000 31.70 
00000 1.670 3.330 50000 6.670 8.330 10000 11.70 13.30 15000 16.70 18.30 20000 21.70 23.30 25000 26.70 28.30 30000 31.70 
1.670 2.500 4.170 5.830 7.500 9.170 10.80 12.50 14.20 15.80 17.50 19.20 20.80 22.50 24.20 25.80 27.50 29.20 30.80 32.50 
3.330 4.170 50000 6.670 8.330 10000 11.70 13.30 15000 16.70 18.30 20000 21.70 23.30 25000 26.70 28.30 30000 31.70 33.30 
