AGENT 0 Leader, Neuroticism = 0.232
0.0663
0.0663
0.18
0.225
0.18
0.204
0.192
0.169
0.158
0.162
0.192
0.147
0.185
0.18
0.181
0.138
0.148
0.127
0.182
0.16
0.169
0.136
0.21
0.152
0.193
0.168
0.165
0.148
0.156
0.157
0.0457
0.149
0.175
0.127
0.198
0.144
0.179
0.169
0.152
0.216
0.158
0.2
0.168
0.151
0.166
0.192
0.218
0.145
0.144
0.0714
0.149
0.117
0.0608
0.17
0.0853
0.153
0.037
0.154
0.186
0.154
0.153
0.116
0.181
0.218
0.201
0.164
0.21
0.213
0.185
0.195
0.0349
0.174
0.203
0.17
0.041
0.162
0.157
0.138
0.166
0.109
0.196
0.214
0.142
0.126
0.188
0.0454
0.202
0.128
0.171
0.141
0.0271
0.102
0.151
0.205
0.195
0.197
0.177
0.14
0.213
0.153
0.187
0.0663
0.0663
0.18
0.18
0.192
0.169
0.158
0.162
0.192
0.147
0.185
0.18
0.181
0.138
0.148
0.127
0.182
0.16
0.169
0.136
0.21
0.152
0.193
0.168
0.165
0.148
0.156
0.157
0.0457
0.149
0.175
0.127
0.198
0.144
0.179
0.169
0.152
0.216
0.158
0.2
0.168
0.151
0.166
0.192
0.218
0.145
0.144
0.0714
0.149
0.117
0.0608
0.17
0.0853
0.153
0.037
0.154
0.186
0.154
0.153
0.116
0.181
0.218
0.201
0.164
0.21
0.213
0.185
0.195
0.0349
0.174
0.203
0.17
0.041
0.162
0.157
0.138
0.166
0.109
0.196
0.214
0.142
0.126
0.188
0.0454
0.202
0.128
0.171
0.141
0.0271
0.102
0.151
0.205
0.195
0.197
0.177
0.14
0.213
0.153
0.187
0.0666
0.0666
0.179
0.179
0.192
0.168
0.158
0.162
0.192
0.147
0.184
0.179
0.18
0.138
0.148
0.127
0.182
0.16
0.168
0.136
0.21
0.152
0.193
0.168
0.165
0.148
0.156
0.157
0.0457
0.149
0.175
0.127
0.197
0.144
0.179
0.169
0.153
0.216
0.158
0.2
0.168
0.151
0.166
0.192
0.218
0.145
0.144
0.0714
0.149
0.117
0.061
0.17
0.0854
0.153
0.0372
0.154
0.186
0.154
0.153
0.117
0.181
0.218
0.2
0.164
0.21
0.212
0.185
0.195
0.0349
0.173
0.202
0.17
0.0412
0.162
0.157
0.138
0.166
0.109
0.195
0.214
0.142
0.126
0.187
0.0457
0.201
0.128
0.171
0.141
0.0271
0.102
0.151
0.204
0.195
0.196
0.177
0.14
0.212
0.153
0.186
0.0669
0.0669
0.179
0.179
0.192
0.168
0.158
0.162
0.192
0.146
0.184
0.179
0.18
0.138
0.148
0.127
0.181
0.16
0.168
0.136
0.209
0.152
0.192
0.167
0.165
0.148
0.156
0.157
0.0457
0.149
0.175
0.128
0.196
0.144
0.179
0.169
0.153
0.215
0.158
0.199
0.168
0.151
0.166
0.191
0.217
0.145
0.0714
0.149
0.117
0.0612
0.17
0.0855
0.153
0.0375
0.154
0.185
0.154
0.152
0.117
0.181
0.217
0.2
0.164
0.209
0.211
0.185
0.194
0.0349
0.173
0.202
0.17
0.0414
0.162
0.157
0.138
0.166
0.109
0.194
0.213
0.141
0.127
0.186
0.0459
0.2
0.128
0.17
0.141
0.102
0.151
0.203
0.194
0.196
0.177
0.14
0.212
0.153
0.186
0.0671
0.0671
0.179
0.179
0.191
0.168
0.158
0.161
0.192
0.146
0.183
0.178
0.179
0.138
0.147
0.127
0.181
0.16
0.168
0.136
0.209
0.151
0.191
0.167
0.164
0.147
0.156
0.157
0.0459
0.149
0.175
0.128
0.196
0.144
0.179
0.168
0.153
0.215
0.158
0.199
0.167
0.151
0.165
0.191
0.216
0.145
0.0716
0.149
0.118
0.0615
0.17
0.0858
0.153
0.0377
0.155
0.185
0.153
0.152
0.117
0.181
0.217
0.199
0.163
0.209
0.21
0.184
0.193
0.0351
0.173
0.201
0.17
0.0416
0.162
0.157
0.138
0.166
0.109
0.194
0.213
0.142
0.127
0.186
0.046
0.199
0.128
0.17
0.141
0.102
0.151
0.202
0.193
0.196
0.177
0.14
0.211
0.153
0.186
0.0674
0.0674
0.179
0.179
0.191
0.168
0.158
0.161
0.191
0.146
0.183
0.178
0.178
0.138
0.147
0.127
0.181
0.16
0.168
0.136
0.209
0.151
0.191
0.167
0.164
0.147
0.156
0.157
0.046
0.149
0.175
0.128
0.195
0.144
0.179
0.168
0.153
0.215
0.157
0.199
0.167
0.151
0.165
0.19
0.215
0.145
0.0719
0.149
0.118
0.0617
0.17
0.086
0.153
0.0379
0.155
0.184
0.153
0.152
0.117
0.181
0.217
0.199
0.163
0.209
0.209
0.184
0.193
0.0353
0.172
0.201
0.17
0.0417
0.162
0.157
0.138
0.165
0.109
0.194
0.213
0.142
0.127
0.185
0.0462
0.198
0.129
0.17
0.141
0.103
0.151
0.201
0.193
0.196
0.176
0.14
0.211
0.153
0.186
0.0675
0.0675
0.179
0.179
0.191
0.168
0.158
0.161
0.191
0.146
0.183
0.178
0.178
0.138
0.147
0.128
0.181
0.16
0.168
0.136
0.208
0.151
0.191
0.166
0.164
0.147
0.155
0.157
0.046
0.149
0.175
0.128
0.195
0.144
0.178
0.168
0.153
0.215
0.157
0.198
0.167
0.151
0.165
0.19
0.214
0.145
0.0719
0.149
0.118
0.062
0.17
0.0862
0.153
0.0381
0.155
0.184
0.153
0.152
0.117
0.181
0.217
0.199
0.163
0.208
0.209
0.184
0.192
0.0355
0.172
0.2
0.169
0.0418
0.162
0.156
0.138
0.165
0.11
0.193
0.213
0.142
0.127
0.184
0.0464
0.198
0.128
0.17
0.141
0.103
0.151
0.201
0.192
0.195
0.176
0.14
0.211
0.153
0.186
0.0677
0.0677
0.179
0.179
0.19
0.168
0.158
0.161
0.191
0.146
0.183
0.177
0.178
0.138
0.147
0.128
0.18
0.159
0.168
0.136
0.207
0.151
0.191
0.166
0.164
0.148
0.155
0.157
0.046
0.149
0.175
0.128
0.195
0.144
0.178
0.168
0.153
0.215
0.157
0.197
0.167
0.15
0.165
0.19
0.213
0.145
0.0719
0.149
0.118
0.0623
0.17
0.0865
0.153
0.0383
0.155
0.184
0.153
0.152
0.117
0.181
0.216
0.198
0.163
0.208
0.208
0.183
0.192
0.0357
0.172
0.2
0.169
0.0419
0.162
0.156
0.138
0.165
0.11
0.193
0.213
0.142
0.127
0.184
0.0466
0.198
0.128
0.17
0.141
0.103
0.151
0.201
0.192
0.195
0.139
0.21
0.153
0.186
0.0678
0.0678
0.179
0.179
0.19
0.167
0.158
0.161
0.191
0.146
0.182
0.177
0.178
0.138
0.147
0.128
0.18
0.159
0.167
0.136
0.207
0.151
0.19
0.166
0.164
0.148
0.155
0.156
0.046
0.149
0.175
0.128
0.194
0.144
0.178
0.168
0.152
0.214
0.157
0.196
0.166
0.15
0.165
0.189
0.212
0.145
0.0721
0.149
0.118
0.0625
0.17
0.0866
0.153
0.0385
0.155
0.184
0.153
0.152
0.118
0.181
0.215
0.198
0.163
0.208
0.207
0.183
0.191
0.0359
0.172
0.199
0.169
0.042
0.162
0.156
0.138
0.165
0.11
0.193
0.213
0.142
0.127
0.184
0.0468
0.198
0.128
0.169
0.141
0.103
0.151
0.201
0.191
0.195
0.139
0.21
0.153
0.186
0.068
0.068
0.179
0.179
0.19
0.167
0.158
0.16
0.191
0.146
0.182
0.177
0.177
0.138
0.147
0.128
0.18
0.159
0.167
0.137
0.206
0.151
0.19
0.165
0.164
0.148
0.155
0.156
0.046
0.149
0.175
0.128
0.194
0.144
0.178
0.168
0.152
0.213
0.157
0.195
0.166
0.15
0.165
0.189
0.211
0.145
0.0723
0.149
0.118
0.0627
0.17
0.0868
0.153
0.0387
0.155
0.183
0.153
0.152
0.118
0.181
0.215
0.197
0.162
0.208
0.206
0.183
0.19
0.0361
0.172
0.199
0.169
0.042
0.162
0.156
0.138
0.165
0.11
0.193
0.212
0.142
0.127
0.183
0.0469
0.198
0.128
0.169
0.141
0.104
0.151
0.201
0.191
0.195
0.139
0.153
0.0681
0.0681
0.179
0.179
0.19
0.167
0.158
0.16
0.19
0.146
0.181
0.176
0.177
0.138
0.146
0.128
0.18
0.159
0.166
0.137
0.206
0.15
0.19
0.166
0.163
0.148
0.155
0.156
0.0463
0.148
0.174
0.128
0.194
0.144
0.178
0.167
0.152
0.213
0.157
0.195
0.166
0.15
0.165
0.188
0.21
0.145
0.0725
0.149
0.118
0.063
0.169
0.0868
0.153
0.0389
0.155
0.183
0.153
0.152
0.118
0.181
0.214
0.196
0.162
0.206
0.206
0.182
0.19
0.0362
0.171
0.198
0.168
0.0422
0.162
0.156
0.138
0.164
0.11
0.193
0.212
0.142
0.127
0.183
0.0471
0.198
0.128
0.169
0.141
0.104
0.151
0.2
0.19
0.194
0.139
0.152
0.0681
0.0681
0.179
0.19
0.167
0.158
0.16
0.19
0.146
0.181
0.176
0.176
0.138
0.146
0.128
0.18
0.159
0.166
0.137
0.205
0.15
0.189
0.166
0.163
0.148
0.155
0.156
0.0465
0.148
0.174
0.128
0.194
0.144
0.177
0.167
0.152
0.212
0.156
0.194
0.166
0.15
0.165
0.188
0.208
0.145
0.0727
0.118
0.0632
0.169
0.0868
0.153
0.0391
0.154
0.183
0.152
0.152
0.118
0.181
0.213
0.196
0.162
0.205
0.205
0.182
0.189
0.0364
0.171
0.198
0.168
0.0423
0.162
0.156
0.138
0.164
0.11
0.193
0.212
0.142
0.127
0.183
0.0473
0.198
0.128
0.169
0.141
0.104
0.151
0.199
0.19
0.194
0.139
0.152
0.0684
0.0684
0.178
0.189
0.167
0.157
0.16
0.19
0.146
0.181
0.176
0.176
0.138
0.146
0.128
0.18
0.159
0.165
0.137
0.205
0.15
0.189
0.165
0.163
0.148
0.155
0.156
0.0467
0.148
0.174
0.128
0.193
0.144
0.177
0.167
0.152
0.212
0.156
0.194
0.165
0.15
0.165
0.187
0.207
0.145
0.073
0.118
0.0634
0.169
0.0871
0.153
0.0393
0.154
0.182
0.152
0.152
0.118
0.18
0.212
0.195
0.161
0.204
0.204
0.182
0.189
0.0366
0.171
0.197
0.168
0.0423
0.161
0.156
0.138
0.164
0.11
0.193
0.212
0.142
0.127
0.182
0.0473
0.197
0.128
0.169
0.141
0.104
0.151
0.199
0.189
0.194
0.139
0.152
0.0686
0.0686
0.178
0.189
0.167
0.157
0.16
0.189
0.146
0.181
0.175
0.176
0.146
0.128
0.179
0.159
0.165
0.137
0.205
0.15
0.189
0.165
0.163
0.148
0.155
0.156
0.0469
0.148
0.174
0.128
0.193
0.144
0.177
0.167
0.152
0.211
0.156
0.194
0.165
0.15
0.187
0.206
0.145
0.0732
0.118
0.0637
0.169
0.0874
0.153
0.0395
0.154
0.182
0.152
0.152
0.118
0.179
0.212
0.194
0.161
0.204
0.204
0.181
0.188
0.0368
0.171
0.196
0.167
0.0423
0.161
0.155
0.138
0.164
0.111
0.193
0.212
0.142
0.127
0.182
0.0473
0.196
0.128
0.168
0.142
0.104
0.15
0.199
0.189
0.193
0.139
0.152
0.0687
0.0687
0.178
0.189
0.167
0.157
0.16
0.189
0.146
0.18
0.175
0.176
0.146
0.128
0.179
0.158
0.164
0.137
0.204
0.15
0.189
0.165
0.163
0.148
0.155
0.156
0.0471
0.148
0.174
0.128
0.193
0.144
0.176
0.167
0.152
0.211
0.156
0.193
0.165
0.15
0.187
0.205
0.146
0.0734
0.118
0.0639
0.169
0.0874
0.153
0.0397
0.154
0.182
0.152
0.152
0.118
0.179
0.211
0.194
0.161
0.203
0.203
0.181
0.188
0.0368
0.171
0.196
0.167
0.0423
0.161
0.155
0.138
0.164
0.111
0.192
0.211
0.142
0.127
0.182
0.0475
0.196
0.128
0.168
0.142
0.104
0.15
0.198
0.188
0.193
0.139
0.152
0.0688
0.0688
0.177
0.189
0.167
0.157
0.159
0.189
0.145
0.18
0.175
0.176
0.146
0.129
0.179
0.158
0.164
0.137
0.204
0.149
0.189
0.164
0.162
0.148
0.155
0.156
0.0473
0.148
0.174
0.128
0.193
0.144
0.176
0.167
0.152
0.156
0.192
0.165
0.15
0.187
0.204
0.146
0.0737
0.118
0.064
0.169
0.0875
0.153
0.0399
0.154
0.182
0.152
0.152
0.118
0.179
0.211
0.193
0.161
0.202
0.202
0.181
0.187
0.0368
0.171
0.195
0.167
0.0423
0.161
0.155
0.138
0.164
0.111
0.192
0.21
0.142
0.127
0.181
0.0476
0.195
0.128
0.168
0.142
0.105
0.15
0.197
0.188
0.192
0.139
0.152
0.0689
0.0689
0.177
0.188
0.167
0.156
0.159
0.189
0.145
0.179
0.175
0.176
0.146
0.129
0.179
0.158
0.164
0.137
0.203
0.149
0.189
0.164
0.162
0.148
0.155
0.156
0.0475
0.148
0.174
0.128
0.193
0.144
0.176
0.166
0.152
0.156
0.191
0.164
0.15
0.186
0.202
0.146
0.0739
0.118
0.0642
0.168
0.0875
0.153
0.0401
0.154
0.181
0.151
0.152
0.118
0.178
0.211
0.192
0.161
0.202
0.201
0.18
0.187
0.0369
0.171
0.195
0.167
0.0424
0.161
0.155
0.138
0.164
0.111
0.191
0.209
0.142
0.127
0.181
0.0479
0.194
0.128
0.168
0.142
0.105
0.15
0.196
0.187
0.192
0.139
0.152
0.0689
0.0689
0.177
0.187
0.167
0.156
0.159
0.189
0.145
0.179
0.175
0.176
0.146
0.129
0.179
0.158
0.164
0.137
0.203
0.149
0.189
0.163
0.162
0.148
0.154
0.155
0.0477
0.148
0.174
0.128
0.193
0.144
0.175
0.166
0.151
0.156
0.191
0.164
0.15
0.186
0.201
0.145
0.0741
0.118
0.0644
0.168
0.0875
0.153
0.0403
0.154
0.181
0.151
0.151
0.118
0.178
0.21
0.192
0.161
0.201
0.2
0.18
0.186
0.0371
0.194
0.167
0.161
0.155
0.138
0.163
0.111
0.191
0.209
0.142
0.127
0.18
0.0481
0.194
0.128
0.168
0.141
0.105
0.15
0.195
0.187
0.192
0.139
0.152
0.0691
0.0691
0.176
0.187
0.167
0.156
0.159
0.189
0.145
0.179
0.175
0.175
0.146
0.129
0.178
0.157
0.164
0.137
0.202
0.149
0.189
0.163
0.162
0.148
0.154
0.155
0.0479
0.148
0.173
0.128
0.192
0.144
0.175
0.166
0.151
0.156
0.19
0.164
0.15
0.185
0.201
0.145
0.0743
0.118
0.0645
0.168
0.0877
0.153
0.0405
0.154
0.181
0.151
0.151
0.118
0.177
0.209
0.191
0.161
0.2
0.2
0.18
0.186
0.0371
0.194
0.167
0.161
0.155
0.138
0.163
0.111
0.19
0.209
0.141
0.127
0.18
0.0483
0.193
0.128
0.168
0.141
0.105
0.15
0.194
0.187
0.192
0.139
0.152
0.0693
0.0693
0.176
0.187
0.167
0.156
0.159
0.189
0.145
0.179
0.175
0.175
0.146
0.129
0.178
0.157
0.164
0.137
0.202
0.149
0.162
0.162
0.148
0.154
0.155
0.0481
0.149
0.173
0.129
0.191
0.144
0.175
0.166
0.151
0.156
0.19
0.163
0.15
0.185
0.2
0.145
0.0745
0.118
0.0646
0.168
0.0878
0.153
0.0407
0.154
0.181
0.151
0.151
0.118
0.177
0.209
0.19
0.161
0.2
0.199
0.179
0.185
0.0371
0.194
0.167
0.16
0.155
0.138
0.162
0.111
0.19
0.208
0.141
0.127
0.179
0.0486
0.193
0.128
0.167
0.141
0.105
0.15
0.194
0.186
0.192
0.139
0.152
0.0693
0.0693
0.176
0.187
0.167
0.156
0.159
0.189
0.145
0.178
0.175
0.175
0.146
0.129
0.178
0.157
0.164
0.137
0.201
0.149
0.162
0.162
0.148
0.154
0.155
0.0483
0.149
0.173
0.129
0.191
0.144
0.175
0.166
0.151
0.156
0.19
0.163
0.15
0.185
0.2
0.145
0.0747
0.118
0.0648
0.168
0.0881
0.153
0.0409
0.154
0.18
0.151
0.151
0.119
0.177
0.209
0.189
0.161
0.199
0.199
0.179
0.185
0.0373
0.194
0.167
0.16
0.155
0.138
0.161
0.111
0.19
0.208
0.141
0.127
0.179
0.0486
0.192
0.128
0.167
0.141
0.105
0.149
0.193
0.186
0.191
0.139
0.152
0.0694
0.0694
0.176
0.167
0.156
0.159
0.189
0.145
0.178
0.175
0.175
0.146
0.129
0.178
0.157
0.137
0.201
0.148
0.162
0.161
0.148
0.154
0.155
0.0485
0.149
0.173
0.191
0.144
0.175
0.166
0.151
0.156
0.19
0.163
0.15
0.185
0.2
0.145
0.0749
0.118
0.065
0.168
0.0883
0.153
0.0411
0.153
0.18
0.15
0.151
0.119
0.177
0.208
0.189
0.199
0.198
0.179
0.185
0.0375
0.194
0.166
0.16
0.155
0.138
0.161
0.111
0.19
0.208
0.141
0.127
0.179
0.0486
0.192
0.128
0.167
0.141
0.105
0.149
0.193
0.186
0.191
0.139
0.152
0.0694
0.0694
0.176
0.167
0.156
0.159
0.189
0.145
0.178
0.175
0.175
0.146
0.129
0.178
0.157
0.137
0.201
0.148
0.162
0.161
0.148
0.154
0.155
0.0485
0.149
0.173
0.191
0.144
0.174
0.166
0.151
0.156
0.189
0.163
0.15
0.184
0.199
0.145
0.0751
0.118
0.0651
0.168
0.0886
0.153
0.0413
0.153
0.18
0.15
0.151
0.119
0.177
0.207
0.188
0.198
0.197
0.179
0.184
0.0376
0.194
0.166
0.16
0.155
0.138
0.161
0.111
0.189
0.207
0.141
0.127
0.179
0.0488
0.191
0.128
0.167
0.141
0.105
0.149
0.193
0.185
0.191
0.139
0.152
0.0694
0.0694
0.176
0.167
0.156
0.159
0.145
0.178
0.175
0.175
0.145
0.129
0.177
0.157
0.137
0.2
0.148
0.162
0.161
0.148
0.154
0.155
0.0485
0.149
0.172
0.19
0.144
0.174
0.166
0.151
0.156
0.189
0.163
0.15
0.184
0.199
0.145
0.0752
0.118
0.0652
0.168
0.0888
0.153
0.0415
0.153
0.18
0.15
0.151
0.119
0.176
0.206
0.187
0.197
0.197
0.178
0.184
0.0377
0.194
0.16
0.155
0.138
0.16
0.112
0.189
0.206
0.141
0.127
0.179
0.0489
0.191
0.128
0.167
0.141
0.105
0.149
0.193
0.185
0.191
0.139
0.152
0.0695
0.0695
0.176
0.167
0.156
0.159
0.145
0.178
0.175
0.174
0.146
0.129
0.177
0.157
0.137
0.2
0.148
0.162
0.161
0.148
0.154
0.155
0.0486
0.149
0.172
0.19
0.144
0.174
0.166
0.151
0.156
0.189
0.163
0.15
0.184
0.199
0.145
0.0752
0.118
0.0653
0.167
0.089
0.153
0.0417
0.153
0.179
0.15
0.151
0.119
0.176
0.205
0.187
0.197
0.196
0.178
0.184
0.0377
0.194
0.16
0.155
0.138
0.16
0.112
0.188
0.206
0.141
0.127
0.179
0.0492
0.191
0.128
0.166
0.141
0.105
0.149
0.192
0.185
0.191
0.139
0.152
0.0696
0.0696
0.176
0.155
0.145
0.178
0.175
0.174
0.146
0.129
0.177
0.157
0.137
0.199
0.148
0.162
0.161
0.148
0.154
0.155
0.0487
0.149
0.172
0.189
0.144
0.174
0.165
0.151
0.189
0.163
0.15
0.183
0.198
0.145
0.0752
0.0654
0.167
0.0892
0.153
0.0419
0.153
0.179
0.15
0.151
0.119
0.176
0.204
0.186
0.196
0.196
0.178
0.184
0.0377
0.194
0.16
0.155
0.138
0.16
0.112
0.188
0.205
0.141
0.127
0.179
0.0494
0.191
0.128
0.166
0.14
0.105
0.149
0.192
0.184
0.19
0.139
0.152
0.0696
0.0696
0.175
0.156
0.145
0.178
0.175
0.174
0.146
0.129
0.176
0.157
0.137
0.199
0.148
0.162
0.161
0.148
0.154
0.155
0.0489
0.149
0.172
0.189
0.144
0.174
0.165
0.151
0.189
0.163
0.15
0.183
0.198
0.145
0.0754
0.0654
0.167
0.0892
0.153
0.042
0.153
0.179
0.15
0.151
0.119
0.175
0.204
0.185
0.196
0.196
0.178
0.184
0.0378
0.194
0.16
0.155
0.138
0.16
0.112
0.187
0.204
0.141
0.127
0.179
0.0494
0.191
0.128
0.166
0.14
0.105
0.149
0.192
0.184
0.19
0.139
0.152
0.0697
0.0697
0.175
0.156
0.145
0.175
0.174
0.146
0.129
0.176
0.157
0.137
0.199
0.148
0.162
0.161
0.148
0.154
0.155
0.0491
0.149
0.172
0.189
0.144
0.173
0.165
0.151
0.189
0.163
0.15
0.182
0.198
0.145
0.0755
0.0654
0.167
0.0892
0.152
0.0422
0.153
0.179
0.15
0.151
0.119
0.175
0.203
0.185
0.195
0.195
0.178
0.184
0.0379
0.16
0.154
0.138
0.16
0.112
0.187
0.204
0.127
0.179
0.0494
0.191
0.166
0.141
0.149
0.192
0.183
0.19
0.139
0.152
0.0697
0.0697
0.175
0.156
0.145
0.175
0.174
0.146
0.129
0.176
0.157
0.137
0.199
0.148
0.162
0.161
0.147
0.154
0.155
0.0492
0.149
0.172
0.189
0.144
0.173
0.165
0.151
0.189
0.163
0.15
0.182
0.198
0.145
0.0755
0.0656
0.167
0.0894
0.153
0.0424
0.153
0.179
0.151
0.151
0.12
0.175
0.203
0.185
0.194
0.195
0.178
0.184
0.0379
0.16
0.154
0.138
0.16
0.112
0.187
0.203
0.127
0.179
0.0496
0.191
0.165
0.141
0.149
0.191
0.183
0.19
0.139
0.152
0.0697
0.0697
0.175
0.156
0.145
0.146
0.13
0.176
0.157
0.137
0.199
0.148
0.162
0.161
0.147
0.154
0.155
0.0494
0.149
0.172
0.188
0.173
0.165
0.15
0.163
0.15
0.182
0.198
0.144
0.0755
0.0657
0.167
0.0895
0.153
0.0425
0.153
0.179
0.151
0.12
0.175
0.203
0.184
0.193
0.195
0.178
0.184
0.0379
0.16
0.154
0.138
0.16
0.112
0.186
0.203
0.127
0.179
0.0499
0.19
0.165
0.141
0.149
0.191
0.183
0.19
0.139
0.152
0.0698
0.0698
0.175
0.156
0.145
0.146
0.13
0.176
0.157
0.137
0.199
0.148
0.162
0.161
0.147
0.153
0.155
0.0495
0.148
0.171
0.188
0.173
0.165
0.15
0.163
0.15
0.182
0.198
0.144
0.0756
0.0658
0.167
0.0895
0.153
0.0425
0.153
0.178
0.151
0.12
0.174
0.203
0.184
0.193
0.195
0.178
0.183
0.0379
0.16
0.154
0.138
0.16
0.112
0.186
0.203
0.127
0.179
0.0499
0.19
0.165
0.14
0.149
0.19
0.183
0.189
0.139
0.152
0.0699
0.0699
0.175
0.156
0.145
0.146
0.13
0.176
0.137
0.199
0.149
0.161
0.147
0.153
0.155
0.0497
0.148
0.171
0.188
0.172
0.165
0.15
0.163
0.15
0.181
0.198
0.144
0.0756
0.066
0.167
0.0895
0.153
0.0425
0.178
0.151
0.12
0.174
0.202
0.184
0.193
0.194
0.183
0.0379
0.16
0.154
0.138
0.159
0.113
0.185
0.203
0.127
0.0499
0.19
0.165
0.14
0.149
0.189
0.183
0.188
0.139
0.152
0.07
0.07
0.175
0.156
0.145
0.146
0.13
0.176
0.137
0.198
0.149
0.161
0.147
0.153
0.155
0.0498
0.147
0.171
0.188
0.172
0.165
0.15
0.163
0.15
0.181
0.197
0.144
0.0758
0.0662
0.167
0.0897
0.152
0.0426
0.178
0.151
0.12
0.174
0.202
0.184
0.193
0.193
0.183
0.038
0.16
0.154
0.138
0.159
0.113
0.185
0.202
0.127
0.0501
0.19
0.165
0.14
0.149
0.188
0.182
0.188
0.139
0.152
0.0701
0.0701
0.175
0.156
0.145
0.146
0.13
0.176
0.198
0.149
0.161
0.147
0.153
0.155
0.0499
0.147
0.171
0.188
0.172
0.165
0.15
0.163
0.15
0.181
0.196
0.144
0.0759
0.0664
0.167
0.0898
0.152
0.0428
0.178
0.151
0.12
0.173
0.202
0.184
0.192
0.193
0.182
0.0381
0.16
0.154
0.138
0.159
0.113
0.184
0.202
0.127
0.0503
0.165
0.14
0.149
0.188
0.182
0.188
0.139
0.152
0.0701
0.0701
0.175
0.156
0.145
0.146
0.13
0.176
0.198
0.149
0.161
0.147
0.153
0.155
0.05
0.147
0.171
0.187
0.172
0.165
0.15
0.163
0.15
0.181
0.196
0.144
0.076
0.0664
0.167
0.09
0.152
0.0429
0.178
0.151
0.12
0.173
0.202
0.184
0.191
0.192
0.182
0.0382
0.16
0.154
0.138
0.159
0.113
0.184
0.202
0.127
0.0506
0.165
0.14
0.149
0.187
0.182
0.188
0.139
0.152
0.0701
0.0701
0.145
0.146
0.13
0.176
0.198
0.149
0.161
0.153
0.155
0.0501
0.147
0.171
0.187
0.171
0.165
0.15
0.163
0.15
0.181
0.196
0.144
0.0762
0.0665
0.0901
0.152
0.043
0.178
0.151
0.12
0.172
0.201
0.184
0.191
0.191
0.182
0.0383
0.16
0.154
0.138
0.158
0.113
0.184
0.202
0.127
0.0508
0.165
0.14
0.149
0.187
0.182
0.187
0.139
0.0702
0.0702
0.145
0.146
0.13
0.176
0.197
0.149
0.161
0.153
0.155
0.0502
0.147
0.171
0.186
0.171
0.165
0.15
0.163
0.15
0.181
0.195
0.144
0.0763
0.0666
0.0902
0.152
0.0431
0.178
0.151
0.12
0.172
0.201
0.184
0.19
0.191
0.182
0.0384
0.16
0.154
0.138
0.158
0.113
0.183
0.201
0.127
0.0508
0.164
0.14
0.149
0.186
0.181
0.186
0.139
0.0703
0.0703
0.145
0.13
0.176
0.197
0.161
0.153
0.0503
0.147
0.171
0.186
0.172
0.165
0.15
0.163
0.15
0.181
0.194
0.144
0.0764
0.0666
0.0903
0.152
0.0431
0.178
0.151
0.12
0.172
0.2
0.184
0.189
0.191
0.182
0.0385
0.153
0.138
0.158
0.113
0.183
0.201
0.128
0.0508
0.164
0.14
0.149
0.185
0.181
0.185
0.139
0.0703
0.0703
0.145
0.131
0.176
0.197
0.161
0.153
0.0504
0.147
0.171
0.185
0.172
0.164
0.15
0.163
0.149
0.18
0.194
0.144
0.0764
0.0666
0.0904
0.152
0.0432
0.178
0.151
0.12
0.172
0.2
0.184
0.189
0.191
0.182
0.0385
0.153
0.138
0.158
0.113
0.182
0.201
0.128
0.051
0.164
0.141
0.149
0.184
0.181
0.185
0.139
0.0704
0.0704
0.145
0.131
0.176
0.197
0.161
0.153
0.0505
0.147
0.184
0.172
0.164
0.162
0.18
0.144
0.0765
0.0665
0.0905
0.152
0.0433
0.177
0.151
0.12
0.172
0.2
0.184
0.189
0.191
0.182
0.0385
0.153
0.158
0.113
0.182
0.2
0.128
0.0513
0.164
0.141
0.149
0.184
0.181
0.185
0.139
0.0705
0.0705
0.145
0.131
0.176
0.196
0.161
0.153
0.0506
0.147
0.184
0.172
0.164
0.162
0.18
0.144
0.0766
0.067
0.0906
0.152
0.0433
0.177
0.151
0.12
0.171
0.2
0.184
0.189
0.191
0.182
0.0385
0.153
0.157
0.113
0.181
0.2
0.128
0.0515
0.164
0.141
0.149
0.184
0.181
0.181
0.139
0.0705
0.0705
0.144
0.131
0.176
0.195
0.161
0.153
0.0507
0.147
0.184
0.172
0.164
0.162
0.18
0.144
0.0766
0.0674
0.0906
0.152
0.0433
0.177
0.152
0.12
0.171
0.2
0.184
0.189
0.19
0.0386
0.153
0.157
0.113
0.181
0.2
0.128
0.0517
0.14
0.149
0.183
0.181
0.177
0.139
0.0707
0.0707
0.144
0.131
0.175
0.195
0.161
0.153
0.0508
0.147
0.184
0.171
0.164
0.162
0.179
0.144
0.0766
0.0675
0.0907
0.152
0.0433
0.177
0.152
0.12
0.171
0.2
0.184
0.188
0.189
0.0386
0.153
0.157
0.113
0.181
0.2
0.127
0.0519
0.14
0.149
0.183
0.18
0.177
0.139
0.0708
0.0708
0.144
0.131
0.195
0.153
0.0508
0.148
0.184
0.171
0.164
0.162
0.179
0.144
0.0677
0.0907
0.151
0.176
0.152
0.12
0.17
0.2
0.184
0.188
0.189
0.0386
0.152
0.157
0.113
0.18
0.2
0.127
0.0521
0.14
0.149
0.182
0.179
0.177
0.138
0.0708
0.0708
0.144
0.131
0.195
0.153
0.0509
0.147
0.184
0.171
0.164
0.162
0.179
0.144
0.0678
0.0907
0.151
0.176
0.152
0.12
0.17
0.2
0.184
0.188
0.188
0.0386
0.152
0.157
0.113
0.18
0.2
0.127
0.0522
0.14
0.149
0.182
0.179
0.177
0.138
0.0709
0.0709
0.144
0.131
0.195
0.152
0.0509
0.147
0.184
0.171
0.164
0.179
0.144
0.068
0.151
0.176
0.152
0.17
0.2
0.183
0.188
0.188
0.0386
0.152
0.156
0.18
0.199
0.127
0.0524
0.14
0.149
0.182
0.179
0.177
0.138
0.071
0.071
0.144
0.131
0.195
0.152
0.051
0.147
0.184
0.171
0.164
0.179
0.144
0.0681
0.151
0.176
0.152
0.17
0.2
0.183
0.187
0.188
0.0386
0.152
0.156
0.18
0.199
0.127
0.0526
0.14
0.149
0.181
0.179
0.177
0.138
0.071
0.071
0.144
0.131
0.195
0.152
0.051
0.147
0.184
0.171
0.164
0.179
0.144
0.0682
0.151
0.176
0.152
0.169
0.186
0.187
0.0387
0.156
0.18
0.199
0.127
0.0527
0.14
0.149
0.181
0.179
0.177
0.138
0.071
0.071
0.144
0.131
0.195
0.152
0.051
0.147
0.183
0.17
0.163
0.179
0.144
0.0683
0.151
0.176
0.152
0.169
0.186
0.187
0.0387
0.156
0.18
0.199
0.127
0.0528
0.14
0.149
0.181
0.178
0.177
0.138
AGENT 1 Leader, Neuroticism = 0.63
0.18
0.18
0.179
0.179
0.179
0.179
0.179
0.179
0.179
0.179
0.179
0.179
0.178
0.178
0.178
0.177
0.177
0.177
0.176
0.176
0.176
0.176
0.176
0.176
0.176
0.176
0.175
0.175
0.175
0.175
0.175
0.175
0.175
0.175
0.175
AGENT 2 Leader, Neuroticism = 0.787
0.225
AGENT 3 Leader, Neuroticism = 0.628
0.18
0.18
0.179
0.179
0.179
0.179
0.179
0.179
0.179
0.179
0.179
AGENT 4 Leader, Neuroticism = 0.714
0.204
AGENT 0 Leader, Neuroticism = 0.232
0.0663
0.0663
0.18
0.225
0.18
0.204
0.192
0.169
0.158
0.162
0.192
0.147
0.185
0.18
0.181
0.138
0.148
0.127
0.182
0.16
0.169
0.136
0.21
0.152
0.193
0.168
0.165
0.148
0.156
0.157
0.0457
0.149
0.175
0.127
0.198
0.144
0.179
0.169
0.152
0.216
0.158
0.2
0.168
0.151
0.166
0.192
0.218
0.145
0.144
0.0714
0.149
0.117
0.0608
0.17
0.0853
0.153
0.037
0.154
0.186
0.154
0.153
0.116
0.181
0.218
0.201
0.164
0.21
0.213
0.185
0.195
0.0349
0.174
0.203
0.17
0.041
0.162
0.157
0.138
0.166
0.109
0.196
0.214
0.142
0.126
0.188
0.0454
0.202
0.128
0.171
0.141
0.0271
0.102
0.151
0.205
0.195
0.197
0.177
0.14
0.213
0.153
0.187
0.0663
0.0663
0.18
0.18
0.192
0.169
0.158
0.162
0.192
0.147
0.185
0.18
0.181
0.138
0.148
0.127
0.182
0.16
0.169
0.136
0.21
0.152
0.193
0.168
0.165
0.148
0.156
0.157
0.0457
0.149
0.175
0.127
0.198
0.144
0.179
0.169
0.152
0.216
0.158
0.2
0.168
0.151
0.166
0.192
0.218
0.145
0.144
0.0714
0.149
0.117
0.0608
0.17
0.0853
0.153
0.037
0.154
0.186
0.154
0.153
0.116
0.181
0.218
0.201
0.164
0.21
0.213
0.185
0.195
0.0349
0.174
0.203
0.17
0.041
0.162
0.157
0.138
0.166
0.109
0.196
0.214
0.142
0.126
0.188
0.0454
0.202
0.128
0.171
0.141
0.0271
0.102
0.151
0.205
0.195
0.197
0.177
0.14
0.213
0.153
0.187
0.0666
0.0666
0.179
0.179
0.192
0.168
0.158
0.162
0.192
0.147
0.184
0.179
0.18
0.138
0.148
0.127
0.182
0.16
0.168
0.136
0.21
0.152
0.193
0.168
0.165
0.148
0.156
0.157
0.0457
0.149
0.175
0.127
0.197
0.144
0.179
0.169
0.153
0.216
0.158
0.2
0.168
0.151
0.166
0.192
0.218
0.145
0.144
0.0714
0.149
0.117
0.061
0.17
0.0854
0.153
0.0372
0.154
0.186
0.154
0.153
0.117
0.181
0.218
0.2
0.164
0.21
0.212
0.185
0.195
0.0349
0.173
0.202
0.17
0.0412
0.162
0.157
0.138
0.166
0.109
0.195
0.214
0.142
0.126
0.187
0.0457
0.201
0.128
0.171
0.141
0.0271
0.102
0.151
0.204
0.195
0.196
0.177
0.14
0.212
0.153
0.186
0.0669
0.0669
0.179
0.179
0.192
0.168
0.158
0.162
0.192
0.146
0.184
0.179
0.18
0.138
0.148
0.127
0.181
0.16
0.168
0.136
0.209
0.152
0.192
0.167
0.165
0.148
0.156
0.157
0.0457
0.149
0.175
0.128
0.196
0.144
0.179
0.169
0.153
0.215
0.158
0.199
0.168
0.151
0.166
0.191
0.217
0.145
0.0714
0.149
0.117
0.0612
0.17
0.0855
0.153
0.0375
0.154
0.185
0.154
0.152
0.117
0.181
0.217
0.2
0.164
0.209
0.211
0.185
0.194
0.0349
0.173
0.202
0.17
0.0414
0.162
0.157
0.138
0.166
0.109
0.194
0.213
0.141
0.127
0.186
0.0459
0.2
0.128
0.17
0.141
0.102
0.151
0.203
0.194
0.196
0.177
0.14
0.212
0.153
0.186
0.0671
0.0671
0.179
0.179
0.191
0.168
0.158
0.161
0.192
0.146
0.183
0.178
0.179
0.138
0.147
0.127
0.181
0.16
0.168
0.136
0.209
0.151
0.191
0.167
0.164
0.147
0.156
0.157
0.0459
0.149
0.175
0.128
0.196
0.144
0.179
0.168
0.153
0.215
0.158
0.199
0.167
0.151
0.165
0.191
0.216
0.145
0.0716
0.149
0.118
0.0615
0.17
0.0858
0.153
0.0377
0.155
0.185
0.153
0.152
0.117
0.181
0.217
0.199
0.163
0.209
0.21
0.184
0.193
0.0351
0.173
0.201
0.17
0.0416
0.162
0.157
0.138
0.166
0.109
0.194
0.213
0.142
0.127
0.186
0.046
0.199
0.128
0.17
0.141
0.102
0.151
0.202
0.193
0.196
0.177
0.14
0.211
0.153
0.186
0.0674
0.0674
0.179
0.179
0.191
0.168
0.158
0.161
0.191
0.146
0.183
0.178
0.178
0.138
0.147
0.127
0.181
0.16
0.168
0.136
0.209
0.151
0.191
0.167
0.164
0.147
0.156
0.157
0.046
0.149
0.175
0.128
0.195
0.144
0.179
0.168
0.153
0.215
0.157
0.199
0.167
0.151
0.165
0.19
0.215
0.145
0.0719
0.149
0.118
0.0617
0.17
0.086
0.153
0.0379
0.155
0.184
0.153
0.152
0.117
0.181
0.217
0.199
0.163
0.209
0.209
0.184
0.193
0.0353
0.172
0.201
0.17
0.0417
0.162
0.157
0.138
0.165
0.109
0.194
0.213
0.142
0.127
0.185
0.0462
0.198
0.129
0.17
0.141
0.103
0.151
0.201
0.193
0.196
0.176
0.14
0.211
0.153
0.186
0.0675
0.0675
0.179
0.179
0.191
0.168
0.158
0.161
0.191
0.146
0.183
0.178
0.178
0.138
0.147
0.128
0.181
0.16
0.168
0.136
0.208
0.151
0.191
0.166
0.164
0.147
0.155
0.157
0.046
0.149
0.175
0.128
0.195
0.144
0.178
0.168
0.153
0.215
0.157
0.198
0.167
0.151
0.165
0.19
0.214
0.145
0.0719
0.149
0.118
0.062
0.17
0.0862
0.153
0.0381
0.155
0.184
0.153
0.152
0.117
0.181
0.217
0.199
0.163
0.208
0.209
0.184
0.192
0.0355
0.172
0.2
0.169
0.0418
0.162
0.156
0.138
0.165
0.11
0.193
0.213
0.142
0.127
0.184
0.0464
0.198
0.128
0.17
0.141
0.103
0.151
0.201
0.192
0.195
0.176
0.14
0.211
0.153
0.186
0.0677
0.0677
0.179
0.179
0.19
0.168
0.158
0.161
0.191
0.146
0.183
0.177
0.178
0.138
0.147
0.128
0.18
0.159
0.168
0.136
0.207
0.151
0.191
0.166
0.164
0.148
0.155
0.157
0.046
0.149
0.175
0.128
0.195
0.144
0.178
0.168
0.153
0.215
0.157
0.197
0.167
0.15
0.165
0.19
0.213
0.145
0.0719
0.149
0.118
0.0623
0.17
0.0865
0.153
0.0383
0.155
0.184
0.153
0.152
0.117
0.181
0.216
0.198
0.163
0.208
0.208
0.183
0.192
0.0357
0.172
0.2
0.169
0.0419
0.162
0.156
0.138
0.165
0.11
0.193
0.213
0.142
0.127
0.184
0.0466
0.198
0.128
0.17
0.141
0.103
0.151
0.201
0.192
0.195
0.139
0.21
0.153
0.186
0.0678
0.0678
0.179
0.179
0.19
0.167
0.158
0.161
0.191
0.146
0.182
0.177
0.178
0.138
0.147
0.128
0.18
0.159
0.167
0.136
0.207
0.151
0.19
0.166
0.164
0.148
0.155
0.156
0.046
0.149
0.175
0.128
0.194
0.144
0.178
0.168
0.152
0.214
0.157
0.196
0.166
0.15
0.165
0.189
0.212
0.145
0.0721
0.149
0.118
0.0625
0.17
0.0866
0.153
0.0385
0.155
0.184
0.153
0.152
0.118
0.181
0.215
0.198
0.163
0.208
0.207
0.183
0.191
0.0359
0.172
0.199
0.169
0.042
0.162
0.156
0.138
0.165
0.11
0.193
0.213
0.142
0.127
0.184
0.0468
0.198
0.128
0.169
0.141
0.103
0.151
0.201
0.191
0.195
0.139
0.21
0.153
0.186
0.068
0.068
0.179
0.179
0.19
0.167
0.158
0.16
0.191
0.146
0.182
0.177
0.177
0.138
0.147
0.128
0.18
0.159
0.167
0.137
0.206
0.151
0.19
0.165
0.164
0.148
0.155
0.156
0.046
0.149
0.175
0.128
0.194
0.144
0.178
0.168
0.152
0.213
0.157
0.195
0.166
0.15
0.165
0.189
0.211
0.145
0.0723
0.149
0.118
0.0627
0.17
0.0868
0.153
0.0387
0.155
0.183
0.153
0.152
0.118
0.181
0.215
0.197
0.162
0.208
0.206
0.183
0.19
0.0361
0.172
0.199
0.169
0.042
0.162
0.156
0.138
0.165
0.11
0.193
0.212
0.142
0.127
0.183
0.0469
0.198
0.128
0.169
0.141
0.104
0.151
0.201
0.191
0.195
0.139
0.153
0.0681
0.0681
0.179
0.179
0.19
0.167
0.158
0.16
0.19
0.146
0.181
0.176
0.177
0.138
0.146
0.128
0.18
0.159
0.166
0.137
0.206
0.15
0.19
0.166
0.163
0.148
0.155
0.156
0.0463
0.148
0.174
0.128
0.194
0.144
0.178
0.167
0.152
0.213
0.157
0.195
0.166
0.15
0.165
0.188
0.21
0.145
0.0725
0.149
0.118
0.063
0.169
0.0868
0.153
0.0389
0.155
0.183
0.153
0.152
0.118
0.181
0.214
0.196
0.162
0.206
0.206
0.182
0.19
0.0362
0.171
0.198
0.168
0.0422
0.162
0.156
0.138
0.164
0.11
0.193
0.212
0.142
0.127
0.183
0.0471
0.198
0.128
0.169
0.141
0.104
0.151
0.2
0.19
0.194
0.139
0.152
0.0681
0.0681
0.179
0.19
0.167
0.158
0.16
0.19
0.146
0.181
0.176
0.176
0.138
0.146
0.128
0.18
0.159
0.166
0.137
0.205
0.15
0.189
0.166
0.163
0.148
0.155
0.156
0.0465
0.148
0.174
0.128
0.194
0.144
0.177
0.167
0.152
0.212
0.156
0.194
0.166
0.15
0.165
0.188
0.208
0.145
0.0727
0.118
0.0632
0.169
0.0868
0.153
0.0391
0.154
0.183
0.152
0.152
0.118
0.181
0.213
0.196
0.162
0.205
0.205
0.182
0.189
0.0364
0.171
0.198
0.168
0.0423
0.162
0.156
0.138
0.164
0.11
0.193
0.212
0.142
0.127
0.183
0.0473
0.198
0.128
0.169
0.141
0.104
0.151
0.199
0.19
0.194
0.139
0.152
0.0684
0.0684
0.178
0.189
0.167
0.157
0.16
0.19
0.146
0.181
0.176
0.176
0.138
0.146
0.128
0.18
0.159
0.165
0.137
0.205
0.15
0.189
0.165
0.163
0.148
0.155
0.156
0.0467
0.148
0.174
0.128
0.193
0.144
0.177
0.167
0.152
0.212
0.156
0.194
0.165
0.15
0.165
0.187
0.207
0.145
0.073
0.118
0.0634
0.169
0.0871
0.153
0.0393
0.154
0.182
0.152
0.152
0.118
0.18
0.212
0.195
0.161
0.204
0.204
0.182
0.189
0.0366
0.171
0.197
0.168
0.0423
0.161
0.156
0.138
0.164
0.11
0.193
0.212
0.142
0.127
0.182
0.0473
0.197
0.128
0.169
0.141
0.104
0.151
0.199
0.189
0.194
0.139
0.152
0.0686
0.0686
0.178
0.189
0.167
0.157
0.16
0.189
0.146
0.181
0.175
0.176
0.146
0.128
0.179
0.159
0.165
0.137
0.205
0.15
0.189
0.165
0.163
0.148
0.155
0.156
0.0469
0.148
0.174
0.128
0.193
0.144
0.177
0.167
0.152
0.211
0.156
0.194
0.165
0.15
0.187
0.206
0.145
0.0732
0.118
0.0637
0.169
0.0874
0.153
0.0395
0.154
0.182
0.152
0.152
0.118
0.179
0.212
0.194
0.161
0.204
0.204
0.181
0.188
0.0368
0.171
0.196
0.167
0.0423
0.161
0.155
0.138
0.164
0.111
0.193
0.212
0.142
0.127
0.182
0.0473
0.196
0.128
0.168
0.142
0.104
0.15
0.199
0.189
0.193
0.139
0.152
0.0687
0.0687
0.178
0.189
0.167
0.157
0.16
0.189
0.146
0.18
0.175
0.176
0.146
0.128
0.179
0.158
0.164
0.137
0.204
0.15
0.189
0.165
0.163
0.148
0.155
0.156
0.0471
0.148
0.174
0.128
0.193
0.144
0.176
0.167
0.152
0.211
0.156
0.193
0.165
0.15
0.187
0.205
0.146
0.0734
0.118
0.0639
0.169
0.0874
0.153
0.0397
0.154
0.182
0.152
0.152
0.118
0.179
0.211
0.194
0.161
0.203
0.203
0.181
0.188
0.0368
0.171
0.196
0.167
0.0423
0.161
0.155
0.138
0.164
0.111
0.192
0.211
0.142
0.127
0.182
0.0475
0.196
0.128
0.168
0.142
0.104
0.15
0.198
0.188
0.193
0.139
0.152
0.0688
0.0688
0.177
0.189
0.167
0.157
0.159
0.189
0.145
0.18
0.175
0.176
0.146
0.129
0.179
0.158
0.164
0.137
0.204
0.149
0.189
0.164
0.162
0.148
0.155
0.156
0.0473
0.148
0.174
0.128
0.193
0.144
0.176
0.167
0.152
0.156
0.192
0.165
0.15
0.187
0.204
0.146
0.0737
0.118
0.064
0.169
0.0875
0.153
0.0399
0.154
0.182
0.152
0.152
0.118
0.179
0.211
0.193
0.161
0.202
0.202
0.181
0.187
0.0368
0.171
0.195
0.167
0.0423
0.161
0.155
0.138
0.164
0.111
0.192
0.21
0.142
0.127
0.181
0.0476
0.195
0.128
0.168
0.142
0.105
0.15
0.197
0.188
0.192
0.139
0.152
0.0689
0.0689
0.177
0.188
0.167
0.156
0.159
0.189
0.145
0.179
0.175
0.176
0.146
0.129
0.179
0.158
0.164
0.137
0.203
0.149
0.189
0.164
0.162
0.148
0.155
0.156
0.0475
0.148
0.174
0.128
0.193
0.144
0.176
0.166
0.152
0.156
0.191
0.164
0.15
0.186
0.202
0.146
0.0739
0.118
0.0642
0.168
0.0875
0.153
0.0401
0.154
0.181
0.151
0.152
0.118
0.178
0.211
0.192
0.161
0.202
0.201
0.18
0.187
0.0369
0.171
0.195
0.167
0.0424
0.161
0.155
0.138
0.164
0.111
0.191
0.209
0.142
0.127
0.181
0.0479
0.194
0.128
0.168
0.142
0.105
0.15
0.196
0.187
0.192
0.139
0.152
0.0689
0.0689
0.177
0.187
0.167
0.156
0.159
0.189
0.145
0.179
0.175
0.176
0.146
0.129
0.179
0.158
0.164
0.137
0.203
0.149
0.189
0.163
0.162
0.148
0.154
0.155
0.0477
0.148
0.174
0.128
0.193
0.144
0.175
0.166
0.151
0.156
0.191
0.164
0.15
0.186
0.201
0.145
0.0741
0.118
0.0644
0.168
0.0875
0.153
0.0403
0.154
0.181
0.151
0.151
0.118
0.178
0.21
0.192
0.161
0.201
0.2
0.18
0.186
0.0371
0.194
0.167
0.161
0.155
0.138
0.163
0.111
0.191
0.209
0.142
0.127
0.18
0.0481
0.194
0.128
0.168
0.141
0.105
0.15
0.195
0.187
0.192
0.139
0.152
0.0691
0.0691
0.176
0.187
0.167
0.156
0.159
0.189
0.145
0.179
0.175
0.175
0.146
0.129
0.178
0.157
0.164
0.137
0.202
0.149
0.189
0.163
0.162
0.148
0.154
0.155
0.0479
0.148
0.173
0.128
0.192
0.144
0.175
0.166
0.151
0.156
0.19
0.164
0.15
0.185
0.201
0.145
0.0743
0.118
0.0645
0.168
0.0877
0.153
0.0405
0.154
0.181
0.151
0.151
0.118
0.177
0.209
0.191
0.161
0.2
0.2
0.18
0.186
0.0371
0.194
0.167
0.161
0.155
0.138
0.163
0.111
0.19
0.209
0.141
0.127
0.18
0.0483
0.193
0.128
0.168
0.141
0.105
0.15
0.194
0.187
0.192
0.139
0.152
0.0693
0.0693
0.176
0.187
0.167
0.156
0.159
0.189
0.145
0.179
0.175
0.175
0.146
0.129
0.178
0.157
0.164
0.137
0.202
0.149
0.162
0.162
0.148
0.154
0.155
0.0481
0.149
0.173
0.129
0.191
0.144
0.175
0.166
0.151
0.156
0.19
0.163
0.15
0.185
0.2
0.145
0.0745
0.118
0.0646
0.168
0.0878
0.153
0.0407
0.154
0.181
0.151
0.151
0.118
0.177
0.209
0.19
0.161
0.2
0.199
0.179
0.185
0.0371
0.194
0.167
0.16
0.155
0.138
0.162
0.111
0.19
0.208
0.141
0.127
0.179
0.0486
0.193
0.128
0.167
0.141
0.105
0.15
0.194
0.186
0.192
0.139
0.152
0.0693
0.0693
0.176
0.187
0.167
0.156
0.159
0.189
0.145
0.178
0.175
0.175
0.146
0.129
0.178
0.157
0.164
0.137
0.201
0.149
0.162
0.162
0.148
0.154
0.155
0.0483
0.149
0.173
0.129
0.191
0.144
0.175
0.166
0.151
0.156
0.19
0.163
0.15
0.185
0.2
0.145
0.0747
0.118
0.0648
0.168
0.0881
0.153
0.0409
0.154
0.18
0.151
0.151
0.119
0.177
0.209
0.189
0.161
0.199
0.199
0.179
0.185
0.0373
0.194
0.167
0.16
0.155
0.138
0.161
0.111
0.19
0.208
0.141
0.127
0.179
0.0486
0.192
0.128
0.167
0.141
0.105
0.149
0.193
0.186
0.191
0.139
0.152
0.0694
0.0694
0.176
0.167
0.156
0.159
0.189
0.145
0.178
0.175
0.175
0.146
0.129
0.178
0.157
0.137
0.201
0.148
0.162
0.161
0.148
0.154
0.155
0.0485
0.149
0.173
0.191
0.144
0.175
0.166
0.151
0.156
0.19
0.163
0.15
0.185
0.2
0.145
0.0749
0.118
0.065
0.168
0.0883
0.153
0.0411
0.153
0.18
0.15
0.151
0.119
0.177
0.208
0.189
0.199
0.198
0.179
0.185
0.0375
0.194
0.166
0.16
0.155
0.138
0.161
0.111
0.19
0.208
0.141
0.127
0.179
0.0486
0.192
0.128
0.167
0.141
0.105
0.149
0.193
0.186
0.191
0.139
0.152
0.0694
0.0694
0.176
0.167
0.156
0.159
0.189
0.145
0.178
0.175
0.175
0.146
0.129
0.178
0.157
0.137
0.201
0.148
0.162
0.161
0.148
0.154
0.155
0.0485
0.149
0.173
0.191
0.144
0.174
0.166
0.151
0.156
0.189
0.163
0.15
0.184
0.199
0.145
0.0751
0.118
0.0651
0.168
0.0886
0.153
0.0413
0.153
0.18
0.15
0.151
0.119
0.177
0.207
0.188
0.198
0.197
0.179
0.184
0.0376
0.194
0.166
0.16
0.155
0.138
0.161
0.111
0.189
0.207
0.141
0.127
0.179
0.0488
0.191
0.128
0.167
0.141
0.105
0.149
0.193
0.185
0.191
0.139
0.152
0.0694
0.0694
0.176
0.167
0.156
0.159
0.145
0.178
0.175
0.175
0.145
0.129
0.177
0.157
0.137
0.2
0.148
0.162
0.161
0.148
0.154
0.155
0.0485
0.149
0.172
0.19
0.144
0.174
0.166
0.151
0.156
0.189
0.163
0.15
0.184
0.199
0.145
0.0752
0.118
0.0652
0.168
0.0888
0.153
0.0415
0.153
0.18
0.15
0.151
0.119
0.176
0.206
0.187
0.197
0.197
0.178
0.184
0.0377
0.194
0.16
0.155
0.138
0.16
0.112
0.189
0.206
0.141
0.127
0.179
0.0489
0.191
0.128
0.167
0.141
0.105
0.149
0.193
0.185
0.191
0.139
0.152
0.0695
0.0695
0.176
0.167
0.156
0.159
0.145
0.178
0.175
0.174
0.146
0.129
0.177
0.157
0.137
0.2
0.148
0.162
0.161
0.148
0.154
0.155
0.0486
0.149
0.172
0.19
0.144
0.174
0.166
0.151
0.156
0.189
0.163
0.15
0.184
0.199
0.145
0.0752
0.118
0.0653
0.167
0.089
0.153
0.0417
0.153
0.179
0.15
0.151
0.119
0.176
0.205
0.187
0.197
0.196
0.178
0.184
0.0377
0.194
0.16
0.155
0.138
0.16
0.112
0.188
0.206
0.141
0.127
0.179
0.0492
0.191
0.128
0.166
0.141
0.105
0.149
0.192
0.185
0.191
0.139
0.152
0.0696
0.0696
0.176
0.155
0.145
0.178
0.175
0.174
0.146
0.129
0.177
0.157
0.137
0.199
0.148
0.162
0.161
0.148
0.154
0.155
0.0487
0.149
0.172
0.189
0.144
0.174
0.165
0.151
0.189
0.163
0.15
0.183
0.198
0.145
0.0752
0.0654
0.167
0.0892
0.153
0.0419
0.153
0.179
0.15
0.151
0.119
0.176
0.204
0.186
0.196
0.196
0.178
0.184
0.0377
0.194
0.16
0.155
0.138
0.16
0.112
0.188
0.205
0.141
0.127
0.179
0.0494
0.191
0.128
0.166
0.14
0.105
0.149
0.192
0.184
0.19
0.139
0.152
0.0696
0.0696
0.175
0.156
0.145
0.178
0.175
0.174
0.146
0.129
0.176
0.157
0.137
0.199
0.148
0.162
0.161
0.148
0.154
0.155
0.0489
0.149
0.172
0.189
0.144
0.174
0.165
0.151
0.189
0.163
0.15
0.183
0.198
0.145
0.0754
0.0654
0.167
0.0892
0.153
0.042
0.153
0.179
0.15
0.151
0.119
0.175
0.204
0.185
0.196
0.196
0.178
0.184
0.0378
0.194
0.16
0.155
0.138
0.16
0.112
0.187
0.204
0.141
0.127
0.179
0.0494
0.191
0.128
0.166
0.14
0.105
0.149
0.192
0.184
0.19
0.139
0.152
0.0697
0.0697
0.175
0.156
0.145
0.175
0.174
0.146
0.129
0.176
0.157
0.137
0.199
0.148
0.162
0.161
0.148
0.154
0.155
0.0491
0.149
0.172
0.189
0.144
0.173
0.165
0.151
0.189
0.163
0.15
0.182
0.198
0.145
0.0755
0.0654
0.167
0.0892
0.152
0.0422
0.153
0.179
0.15
0.151
0.119
0.175
0.203
0.185
0.195
0.195
0.178
0.184
0.0379
0.16
0.154
0.138
0.16
0.112
0.187
0.204
0.127
0.179
0.0494
0.191
0.166
0.141
0.149
0.192
0.183
0.19
0.139
0.152
0.0697
0.0697
0.175
0.156
0.145
0.175
0.174
0.146
0.129
0.176
0.157
0.137
0.199
0.148
0.162
0.161
0.147
0.154
0.155
0.0492
0.149
0.172
0.189
0.144
0.173
0.165
0.151
0.189
0.163
0.15
0.182
0.198
0.145
0.0755
0.0656
0.167
0.0894
0.153
0.0424
0.153
0.179
0.151
0.151
0.12
0.175
0.203
0.185
0.194
0.195
0.178
0.184
0.0379
0.16
0.154
0.138
0.16
0.112
0.187
0.203
0.127
0.179
0.0496
0.191
0.165
0.141
0.149
0.191
0.183
0.19
0.139
0.152
0.0697
0.0697
0.175
0.156
0.145
0.146
0.13
0.176
0.157
0.137
0.199
0.148
0.162
0.161
0.147
0.154
0.155
0.0494
0.149
0.172
0.188
0.173
0.165
0.15
0.163
0.15
0.182
0.198
0.144
0.0755
0.0657
0.167
0.0895
0.153
0.0425
0.153
0.179
0.151
0.12
0.175
0.203
0.184
0.193
0.195
0.178
0.184
0.0379
0.16
0.154
0.138
0.16
0.112
0.186
0.203
0.127
0.179
0.0499
0.19
0.165
0.141
0.149
0.191
0.183
0.19
0.139
0.152
0.0698
0.0698
0.175
0.156
0.145
0.146
0.13
0.176
0.157
0.137
0.199
0.148
0.162
0.161
0.147
0.153
0.155
0.0495
0.148
0.171
0.188
0.173
0.165
0.15
0.163
0.15
0.182
0.198
0.144
0.0756
0.0658
0.167
0.0895
0.153
0.0425
0.153
0.178
0.151
0.12
0.174
0.203
0.184
0.193
0.195
0.178
0.183
0.0379
0.16
0.154
0.138
0.16
0.112
0.186
0.203
0.127
0.179
0.0499
0.19
0.165
0.14
0.149
0.19
0.183
0.189
0.139
0.152
0.0699
0.0699
0.175
0.156
0.145
0.146
0.13
0.176
0.137
0.199
0.149
0.161
0.147
0.153
0.155
0.0497
0.148
0.171
0.188
0.172
0.165
0.15
0.163
0.15
0.181
0.198
0.144
0.0756
0.066
0.167
0.0895
0.153
0.0425
0.178
0.151
0.12
0.174
0.202
0.184
0.193
0.194
0.183
0.0379
0.16
0.154
0.138
0.159
0.113
0.185
0.203
0.127
0.0499
0.19
0.165
0.14
0.149
0.189
0.183
0.188
0.139
0.152
0.07
0.07
0.175
0.156
0.145
0.146
0.13
0.176
0.137
0.198
0.149
0.161
0.147
0.153
0.155
0.0498
0.147
0.171
0.188
0.172
0.165
0.15
0.163
0.15
0.181
0.197
0.144
0.0758
0.0662
0.167
0.0897
0.152
0.0426
0.178
0.151
0.12
0.174
0.202
0.184
0.193
0.193
0.183
0.038
0.16
0.154
0.138
0.159
0.113
0.185
0.202
0.127
0.0501
0.19
0.165
0.14
0.149
0.188
0.182
0.188
0.139
0.152
0.0701
0.0701
0.175
0.156
0.145
0.146
0.13
0.176
0.198
0.149
0.161
0.147
0.153
0.155
0.0499
0.147
0.171
0.188
0.172
0.165
0.15
0.163
0.15
0.181
0.196
0.144
0.0759
0.0664
0.167
0.0898
0.152
0.0428
0.178
0.151
0.12
0.173
0.202
0.184
0.192
0.193
0.182
0.0381
0.16
0.154
0.138
0.159
0.113
0.184
0.202
0.127
0.0503
0.165
0.14
0.149
0.188
0.182
0.188
0.139
0.152
0.0701
0.0701
0.175
0.156
0.145
0.146
0.13
0.176
0.198
0.149
0.161
0.147
0.153
0.155
0.05
0.147
0.171
0.187
0.172
0.165
0.15
0.163
0.15
0.181
0.196
0.144
0.076
0.0664
0.167
0.09
0.152
0.0429
0.178
0.151
0.12
0.173
0.202
0.184
0.191
0.192
0.182
0.0382
0.16
0.154
0.138
0.159
0.113
0.184
0.202
0.127
0.0506
0.165
0.14
0.149
0.187
0.182
0.188
0.139
0.152
0.0701
0.0701
0.145
0.146
0.13
0.176
0.198
0.149
0.161
0.153
0.155
0.0501
0.147
0.171
0.187
0.171
0.165
0.15
0.163
0.15
0.181
0.196
0.144
0.0762
0.0665
0.0901
0.152
0.043
0.178
0.151
0.12
0.172
0.201
0.184
0.191
0.191
0.182
0.0383
0.16
0.154
0.138
0.158
0.113
0.184
0.202
0.127
0.0508
0.165
0.14
0.149
0.187
0.182
0.187
0.139
0.0702
0.0702
0.145
0.146
0.13
0.176
0.197
0.149
0.161
0.153
0.155
0.0502
0.147
0.171
0.186
0.171
0.165
0.15
0.163
0.15
0.181
0.195
0.144
0.0763
0.0666
0.0902
0.152
0.0431
0.178
0.151
0.12
0.172
0.201
0.184
0.19
0.191
0.182
0.0384
0.16
0.154
0.138
0.158
0.113
0.183
0.201
0.127
0.0508
0.164
0.14
0.149
0.186
0.181
0.186
0.139
0.0703
0.0703
0.145
0.13
0.176
0.197
0.161
0.153
0.0503
0.147
0.171
0.186
0.172
0.165
0.15
0.163
0.15
0.181
0.194
0.144
0.0764
0.0666
0.0903
0.152
0.0431
0.178
0.151
0.12
0.172
0.2
0.184
0.189
0.191
0.182
0.0385
0.153
0.138
0.158
0.113
0.183
0.201
0.128
0.0508
0.164
0.14
0.149
0.185
0.181
0.185
0.139
0.0703
0.0703
0.145
0.131
0.176
0.197
0.161
0.153
0.0504
0.147
0.171
0.185
0.172
0.164
0.15
0.163
0.149
0.18
0.194
0.144
0.0764
0.0666
0.0904
0.152
0.0432
0.178
0.151
0.12
0.172
0.2
0.184
0.189
0.191
0.182
0.0385
0.153
0.138
0.158
0.113
0.182
0.201
0.128
0.051
0.164
0.141
0.149
0.184
0.181
0.185
0.139
0.0704
0.0704
0.145
0.131
0.176
0.197
0.161
0.153
0.0505
0.147
0.184
0.172
0.164
0.162
0.18
0.144
0.0765
0.0665
0.0905
0.152
0.0433
0.177
0.151
0.12
0.172
0.2
0.184
0.189
0.191
0.182
0.0385
0.153
0.158
0.113
0.182
0.2
0.128
0.0513
0.164
0.141
0.149
0.184
0.181
0.185
0.139
0.0705
0.0705
0.145
0.131
0.176
0.196
0.161
0.153
0.0506
0.147
0.184
0.172
0.164
0.162
0.18
0.144
0.0766
0.067
0.0906
0.152
0.0433
0.177
0.151
0.12
0.171
0.2
0.184
0.189
0.191
0.182
0.0385
0.153
0.157
0.113
0.181
0.2
0.128
0.0515
0.164
0.141
0.149
0.184
0.181
0.181
0.139
0.0705
0.0705
0.144
0.131
0.176
0.195
0.161
0.153
0.0507
0.147
0.184
0.172
0.164
0.162
0.18
0.144
0.0766
0.0674
0.0906
0.152
0.0433
0.177
0.152
0.12
0.171
0.2
0.184
0.189
0.19
0.0386
0.153
0.157
0.113
0.181
0.2
0.128
0.0517
0.14
0.149
0.183
0.181
0.177
0.139
0.0707
0.0707
0.144
0.131
0.175
0.195
0.161
0.153
0.0508
0.147
0.184
0.171
0.164
0.162
0.179
0.144
0.0766
0.0675
0.0907
0.152
0.0433
0.177
0.152
0.12
0.171
0.2
0.184
0.188
0.189
0.0386
0.153
0.157
0.113
0.181
0.2
0.127
0.0519
0.14
0.149
0.183
0.18
0.177
0.139
0.0708
0.0708
0.144
0.131
0.195
0.153
0.0508
0.148
0.184
0.171
0.164
0.162
0.179
0.144
0.0677
0.0907
0.151
0.176
0.152
0.12
0.17
0.2
0.184
0.188
0.189
0.0386
0.152
0.157
0.113
0.18
0.2
0.127
0.0521
0.14
0.149
0.182
0.179
0.177
0.138
0.0708
0.0708
0.144
0.131
0.195
0.153
0.0509
0.147
0.184
0.171
0.164
0.162
0.179
0.144
0.0678
0.0907
0.151
0.176
0.152
0.12
0.17
0.2
0.184
0.188
0.188
0.0386
0.152
0.157
0.113
0.18
0.2
0.127
0.0522
0.14
0.149
0.182
0.179
0.177
0.138
0.0709
0.0709
0.144
0.131
0.195
0.152
0.0509
0.147
0.184
0.171
0.164
0.179
0.144
0.068
0.151
0.176
0.152
0.17
0.2
0.183
0.188
0.188
0.0386
0.152
0.156
0.18
0.199
0.127
0.0524
0.14
0.149
0.182
0.179
0.177
0.138
0.071
0.071
0.144
0.131
0.195
0.152
0.051
0.147
0.184
0.171
0.164
0.179
0.144
0.0681
0.151
0.176
0.152
0.17
0.2
0.183
0.187
0.188
0.0386
0.152
0.156
0.18
0.199
0.127
0.0526
0.14
0.149
0.181
0.179
0.177
0.138
0.071
0.071
0.144
0.131
0.195
0.152
0.051
0.147
0.184
0.171
0.164
0.179
0.144
0.0682
0.151
0.176
0.152
0.169
0.186
0.187
0.0387
0.156
0.18
0.199
0.127
0.0527
0.14
0.149
0.181
0.179
0.177
0.138
0.071
0.071
0.144
0.131
0.195
0.152
0.051
0.147
0.183
0.17
0.163
0.179
0.144
0.0683
0.151
0.176
0.152
0.169
0.186
0.187
0.0387
0.156
0.18
0.199
0.127
0.0528
0.14
0.149
0.181
0.178
0.177
0.138
AGENT 1 Memember. Neuroticism = 0.63
0.18
0.18
0.179
0.179
0.179
0.179
0.179
0.179
0.179
0.179
0.179
0.179
0.178
0.178
0.178
0.177
0.177
0.177
0.176
0.176
0.176
0.176
0.176
0.176
0.176
0.176
0.175
0.175
0.175
0.175
0.175
0.175
0.175
0.175
0.175
AGENT 2 Memember. Neuroticism = 0.787
0.225
AGENT 3 Memember. Neuroticism = 0.628
0.18
0.18
0.179
0.179
0.179
0.179
0.179
0.179
0.179
0.179
0.179
AGENT 4 Memember. Neuroticism = 0.714
0.204
