1.03454
1.06331
1.05746
1.03054
1.03007
1.04228
1.05034
1.05727
1.05411
1.06961
1.01989
1.07972
1.01223
1.04186
1.04657
1.02051
1.05727
1.02694
1.07626
1.06247
1.05421
1.04225
1.0436
1.06198
1.05758
1.06
1.04
1.05
1.19344
1.04281
1.13006
1.14784
1.10134
1.13107
1.14439
1.17742
1.14706
1.17043
1.07782
1.11894
1.12674
1.06883
1.11735
1.11888
1.1018
1.07202
1.15082
1.15085
1.17927
1.18572
1.02513
1.02403
1.04657
1.06331
1.04445
1.04916
1.06189
1.02346
1.0344
1.07223
1.01778
1.06728
1.05648
1.03899
1.0388
1.09777
1.0244
1.0508
1.05138
1.0919
1.06583
1.078
1.07562
1.09033
1.07383
1.09622
1.08485
1.08506
1.03968
1.04222
1.05989
1.02681
1.07728
1.06714
1.05965
1.03272
1.05782
1.0397
1.05436
1.06757
1.05537
1.04993
1.07681
1.03198
1.05411
1.05568
1.04504
1.09357
1.06485
1.03622
1.07046
1.034
1.04703
1.06602
1.06492
1.03346
1.0597
1.04867
1.06724
1.05762
1.0627
1.05502
1.06864
1.07807
1.08363
1.04729
1.05505
1.0708
1.06835
1.04946
1.02607
1.06995
1.06924
1.01961
1.04077
1.02534
1.07346
1.05395
1.06993
1.0406
1.02166
1.04465
1.03112
1.0923
1.08868
1.07825
1.08172
1.01703
1.02315
1.06489
1.02259
1.02881
1.05903
1.02209
1.07289
1.05113
1.02989
1.03976
1.0655
1.03107
1.07484
1.05425
1.03048
1.06355
1.04807
1.05023
1.06249
1.079
1.03718
1.06997
1.0379
1.05658
1.05068
1.03678
1.06498
1.06186
1.01164
1.05204
1.04803
1.04759
1.03505
1.09131
1.08013
1.07805
1.07082
1.04758
1.09478
1.05621
1.03928
1.10425
1.04828
1.05595
1.0675
1.0538
1.09246
1.04156
1.04259
1.05815
1.0605
1.05556
1.04781
1.01872
1.04143
1.04436
1.09493
1.05828
1.00497
1.08492
1.08917
1.08818
1.06223
1.12069
1.08841
1.06687
1.0709
1.06232
1.10351
1.09843
1.10636
1.07854
1.07266
1.09517
1.07674
1.09603
1.07904
1.12089
1.06294
1.08815
1.08724
1.11428
1.11679
1.0869
1.11325
1.08968
1.05531
1.09187
1.06319
1.06386
1.06955
1.04893
1.07117
1.07755
1.0526
1.07964
1.08185
1.10779
1.09838
1.07481
1.09252
1.0624
1.06409
1.0818
1.07275
1.0574
1.0944
1.11254
1.0653
1.10942
1.07832
1.10078
1.08271
1.08142
1.10226
1.08311
1.09971
1.1003
1.06776
1.06434
1.06133
1.08823
1.10206
1.10887
1.09995
1.07551
1.03772
1.04358
1.04401
1.03663
1.0088
1.04749
1.04447
1.07754
1.0189
1.08829
1.04584
1.05881
1.03665
1.07199
1.0509
1.03316
1.07054
1.05241
1.08112
1.04727
1.06123
1.09725
1.0564
1.02294
1.02654
1.04986
1.10735
1.08985
1.06706
1.05123
1.02774
1.07537
1.06496
1.02026
1.09941
1.03111
1.06353
1.09447
1.04946
1.09617
1.06644
1.04078
1.08131
1.07356
1.08646
1.08762
1.06161
1.07882
1.08037
0.927168
1.0087
1.05424
1.07173
1.05543
1.03116
1.0424
1.07707
1.07186
1.02146
1.04787
1.05226
1.05664
1.05166
1.05916
1.04325
1.06671
1.06005
1.0144
1.03716
1.03315
1.06713
1.04198
1.06158
1.03712
1.04546
1.02591
1.06978
1.04122
1.07527
1.07283
1.05476
1.04632
1.01104
1.0625
1.11105
1.05178
1.076
1.04365
1.05842
1.05762
1.07475
1.08274
1.05162
1.03058
1.06969
1.09217
1.0736
1.06542
1.06892
1.07238
1.04854
1.10048
1.02392
1.05696
1.05484
1.01707
1.04213
1.07213
1.12019
1.10318
1.02755
1.06356
1.05984
1.04822
1.04408
1.06131
1.03967
1.06194
1.09897
1.05775
1.0773
1.02247
1.04861
1.06788
1.07557
1.05697
1.03641
1.02586
1.06997
1.05254
1.04678
1.06403
1.04026
1.04749
1.02523
1.04802
1.061
1.04989
1.08277
1.04316
1.07265
1.09356
1.06893
1.07951
1.06264
1.06466
1.06412
1.04865
1.07233
1.05565
1.05518
1.04055
1.05319
1.05603
1.08502
1.05549
1.07376
1.06716
1.06208
1.07175
1.08997
1.05933
1.05711
1.03295
1.05305
1.02792
1.07906
1.00826
1.04498
1.05508
1.0425
1.09953
1.0506
1.07204
1.04954
1.07233
1.06085
1.05332
1.07657
1.02346
1.05925
1.03368
1.05988
1.03952
1.06937
1.03971
1.02874
1.07004
1.04924
1.08515
1.0416
1.04381
1.02698
1.0437
1.05606
1.03944
1.04809
1.03284
1.07439
1.08119
1.05629
1.02066
1.06492
1.04941
1.02359
1.05616
1.09168
1.05747
1.03032
1.0684
1.01564
1.08197
1.01948
1.04341
1.06106
1.06051
1.07295
1.0366
1.08343
1.04609
1.04737
1.05747
1.06287
1.03909
1.05328
1.0576
1.06742
1.10198
1.06174
1.05114
1.04939
1.05209
1.05337
1.07424
1.06425
1.05968
1.08663
1.0662
1.06678
1.07142
1.03591
1.06413
1.04087
1.01554
1.07827
1.03202
1.05997
1.07577
1.05872
1.04578
1.05637
1.07817
1.05549
1.03563
1.02091
1.05377
1.03953
1.08294
1.03543
1.05235
1.04309
1.05398
1.07036
1.06887
1.04972
1.0701
1.01741
1.07028
1.07378
1.03575
1.04626
1.05793
1.0588
1.0772
1.02986
1.04961
1.04042
1.04214
1.05187
1.06807
1.01829
1.04046
1.04728
1.08097
1.02185
1.05257
1.02869
1.0869
1.05642
1.07296
1.03296
1.03558
1.0437
1.06534
1.03973
1.05608
1.07379
1.04334
1.05953
1.0808
1.02963
0.985421
1.05747
1.06247
1.04815
1.05871
1.05835
1.07718
1.03701
1.03711
1.07087
1.07231
1.0759
1.05868
1.05209
1.04535
1.08771
1.05511
1.05768
1.09108
1.05421
1.04746
1.03339
1.0172
1.06012
1.05983
1.06213
1.06354
1.04416
1.08497
1.07792
1.05569
1.07691
1.04256
1.02151
1.03984
1.06016
1.02826
1.06534
1.05094
1.07037
1.05574
1.06266
1.02181
1.06653
1.04245
1.07032
1.02435
1.06801
1.05563
1.02598
1.06368
1.07703
1.06271
1.2439
1.05318
1.03267
1.05479
1.05086
1.03823
1.07214
1.04787
1.0594
1.07821
1.09208
1.03284
1.05442
1.05423
1.03836
1.04952
1.04733
1.05425
1.03021
1.0099
1.04753
1.10295
1.0771
1.09469
1.03886
1.04378
1.05043
1.05607
1.03906
1.06415
1.03969
1.06727
1.0487
1.08225
1.03443
1.04144
1.04354
1.01421
1.04591
1.05131
1.03367
1.02474
1.09726
1.03332
1.06473
1.06361
1.05072
1.03479
1.07382
1.05239
1.10142
1.06852
1.06033
1.07018
1.06927
1.04309
1.07278
1.05731
1.06563
1.07785
1.03808
1.06028
1.07063
1.11091
1.06823
1.03939
1.05048
1.02715
1.07391
1.04094
1.01622
1.06067
1.04402
1.05547
1.0581
1.09063
1.0439
1.03729
1.07499
1.0928
1.04565
1.04474
1.06512
1.07038
1.04338
1.05069
1.09787
1.0438
1.06668
1.07796
1.06597
1.06529
1.0425
1.05794
1.07727
1.04753
1.0674
1.11675
1.07802
1.04196
1.07704
1.02711
1.06469
1.02355
1.06223
1.03981
0.99143
1.02453
1.08056
1.02784
1.03996
1.05106
1.07933
1.0794
1.05154
1.04084
1.07977
1.04943
1.06312
1.06046
1.04813
1.06527
1.07684
1.02692
1.04773
1.08721
1.11198
1.05072
1.02756
1.06343
1.06822
1.05024
1.06837
1.04205
1.05354
1.03463
1.02314
1.06926
1.06037
1.07975
1.05289
1.04632
1.04789
1.05292
1.093
1.05585
1.02356
1.09766
1.09342
1.0542
1.05686
1.08854
1.01928
1.08508
1.04626
1.07445
1.05874
1.03968
1.01636
1.02349
1.07482
1.05559
1.09167
1.0443
1.07747
1.04129
1.06157
1.05549
1.05371
1.09735
1.06332
1.04823
1.05103
1.0369
1.06574
1.01475
1.02937
1.06462
1.03612
1.0383
1.07398
1.08197
1.06551
1.04956
1.05751
1.10555
1.07146
1.03922
1.04501
1.07059
1.0429
1.07514
1.05974
1.09868
1.05286
1.06881
1.04564
1.05644
1.03757
1.0604
1.05413
1.08716
1.03974
1.07601
1.08805
1.06402
1.06433
1.05067
1.02742
1.04319
1.0679
1.03693
1.02609
1.05089
1.03358
1.02933
1.05616
1.07434
1.04703
1.06846
1.03629
1.06267
1.04115
1.04019
1.05031
1.05591
1.0681
1.05396
1.05683
1.09708
1.1012
1.04661
1.01595
1.05129
1.07845
1.07292
1.05485
1.02213
1.04773
1.02275
1.05866
1.06226
1.03377
1.06416
1.01204
1.06416
1.07822
1.02797
1.05845
1.06553
1.01482
1.00313
1.05313
1.07391
1.06582
1.04702
1.02203
1.0692
1.05933
1.06152
1.07061
1.0375
1.06736
1.06956
1.06238
1.03862
1.05519
1.06395
1.03497
1.05249
1.03821
1.06391
1.0415
1.01957
1.06536
1.08474
1.05452
1.08889
1.05917
1.05652
1.09514
1.04114
1.06692
1.07795
1.05798
1.07254
1.06648
1.07447
1.04166
1.05591
1.07831
1.06133
1.10248
1.07007
1.04165
1.05494
1.06644
1.08484
1.06675
1.08418
1.0943
1.06006
1.08242
1.02992
1.06317
1.05981
1.0731
1.06097
1.03378
1.05677
1.06676
1.07479
1.11327
1.0844
1.06073
1.05616
1.06642
1.05788
1.06297
1.02948
1.10094
1.0621
1.0882
1.02191
1.03787
1.05242
1.0829
1.03735
1.04901
1.05459
1.06129
1.06109
1.06692
1.0242
1.0638
1.04814
1.05941
1.06909
1.05861
1.04388
1.07596
1.06722
1.04972
1.0377
1.04834
1.09285
1.03563
1.03079
1.06185
1.05399
1.0206
1.03049
1.08335
1.08013
1.05199
1.0262
1.03405
1.05719
1.03733
1.05535
1.06918
1.08884
1.08341
1.06982
1.05258
1.09061
1.08098
1.08343
1.05614
1.0458
1.06746
0.989885
1.06809
1.08105
1.04918
1.07263
1.08975
1.09759
1.0882
1.05165
1.06013
1.0267
1.04343
1.05231
1.01343
1.0866
1.05823
1.07234
1.06802
1.03443
1.07727
1.08018
1.04465
1.03328
1.10494
1.0474
1.03793
1.05615
1.05736
1.02874
1.10823
1.057
1.02871
1.03142
1.04716
1.03002
1.07244
1.06236
1.03994
1.10615
1.04358
1.05493
1.00046
1.06813
1.05244
1.05432
1.05991
1.16136
1.17981
1.16943
1.16055
1.16507
1.15211
1.18636
1.19961
1.15138
1.15673
1.18172
1.16167
1.15566
1.17862
1.18588
1.17567
1.18047
1.18513
1.19086
1.17657
1.1643
1.1945
1.19249
1.17812
1.17932
1.18935
1.16673
1.1886
1.17742
1.1738
1.15905
1.17295
1.17762
1.1977
1.17959
1.15588
1.15054
1.18036
1.13764
1.20877
1.02959
1.19183
1.19583
1.16507
1.1538
1.15957
1.19758
1.09352
1.16205
1.18914
1.07527
1.18774
1.15304
1.17318
1.15204
1.17821
1.17503
1.177
1.16964
1.15809
1.18602
1.18573
0.999398
1.16379
1.17501
1.16784
1.15166
1.15287
1.13707
1.18172
1.07954
1.19826
1.17443
1.15822
1.13527
1.17106
1.16847
1.16076
1.14864
1.02458
1.17862
1.17319
1.17486
1.16201
1.16986
1.17625
1.12877
1.15442
1.19105
1.14967
1.16181
1.149
1.14138
1.16985
1.17134
1.13217
1.1824
1.17795
1.15114
1.18156
1.17082
1.05331
1.18825
1.19939
1.18004
1.19342
1.1353
1.15888
1.04053
1.13916
1.13378
1.15956
1.16113
1.20497
0.880429
1.15393
1.19699
1.17693
1.17668
1.14887
1.18175
1.14971
1.17061
1.16761
1.16572
1.16956
1.16082
1.16159
1.1547
1.18843
1.18444
1.16322
1.16371
1.17612
1.18096
1.16396
1.19524
1.17389
1.18758
1.17763
1.17083
1.17081
1.09884
1.16906
1.07591
1.17964
1.18744
1.18975
1.19306
1.17443
1.16506
1.17091
1.17293
1.1895
1.19194
1.14115
1.06554
1.188
1.19093
1.15807
1.20195
1.16245
1.19251
1.16435
1.17745
1.17021
1.16198
1.1803
1.17374
1.17334
1.16866
1.18014
1.14706
1.17557
1.14011
1.17917
1.05788
1.08035
1.20498
1.17438
1.18832
0.930437
1.20115
1.00766
1.18341
1.1701
1.15548
1.17616
1.17495
1.17688
1.16777
1.1827
1.14674
1.15217
1.15985
1.21549
1.04373
1.20306
1.18701
1.17681
1.1797
1.03805
1.17264
1.17067
1.15322
1.18906
1.15732
1.07599
1.17217
1.19028
1.16764
1.17589
1.1423
1.18732
1.17301
1.17404
1.167
1.17732
1.18176
1.05805
1.16893
1.18746
1.10236
1.0469
1.14376
1.16556
1.16347
1.08936
1.06546
1.09517
1.08686
1.08218
1.07606
1.08829
1.05884
1.09456
1.12528
1.08918
1.10196
1.06499
1.06894
1.10832
1.06076
1.0846
1.11698
1.08514
1.12062
1.10836
1.08868
1.09933
1.11316
1.08154
1.07521
1.06144
1.09152
1.10452
1.09437
1.06189
1.04726
1.10038
1.06976
1.08286
1.06452
1.07654
1.02846
1.10215
1.0924
1.0597
1.06725
1.11717
1.06179
1.02564
1.06845
1.08319
1.08923
1.06192
1.07452
1.06975
1.06768
1.10511
1.06276
1.06666
1.03246
1.06556
1.0771
1.08907
1.10067
1.04802
1.09508
1.05311
1.05441
1.1122
1.09822
1.12494
1.07914
1.07307
1.05637
1.10759
1.07763
1.09069
1.08126
1.09573
1.12699
1.06496
1.09512
1.07642
1.07372
1.09498
1.07891
1.06284
1.09736
1.08656
1.05573
1.13648
1.08414
1.10372
1.13389
1.07548
1.1265
1.02591
1.08599
1.08957
1.12704
1.05217
1.12069
1.09527
1.11097
1.04452
1.03117
1.03821
1.04734
1.03281
1.04896
1.07119
1.06704
1.04265
1.10012
1.05991
1.04342
1.04566
1.04377
1.05269
1.0243
1.06912
1.06228
1.03966
1.03344
1.05719
1.05532
1.02554
1.02106
1.08029
1.03102
1.06316
1.04942
1.06695
1.06021
1.05971
1.07394
1.02098
1.08381
1.07789
1.03268
1.07579
1.07885
1.01114
1.08056
1.04707
1.05796
1.09861
1.05479
1.07051
1.06096
1.07611
1.07767
1.06585
1.05674
1.05198
1.00687
1.032
1.03283
1.05163
1.04847
1.03466
1.06282
1.05405
1.06053
1.03988
1.00942
1.08212
1.05049
1.0907
1.09475
1.06053
1.05966
1.07461
1.0452
1.04742
1.05057
1.0558
1.1313
1.07978
1.09337
1.04768
1.07654
1.06636
1.0667
1.08603
1.06216
1.06127
1.04397
1.09138
1.05605
1.03951
1.07002
1.02896
1.03816
1.04775
1.06009
1.09712
1.06494
1.05985
1.17602
1.18683
1.04842
1.0809
1.09869
1.11455
1.1817
0.999772
