AGENT 0 Leader, Neuroticism = 0.18
0.0955
0.0955
0.0958
0.0961
0.0963
0.0966
0.097
0.0974
0.0978
0.0983
0.0986
0.0989
0.0993
0.0997
0.1
0.1
0.1
0.101
0.101
0.101
0.101
0.101
0.101
0.101
0.102
0.102
0.103
0.103
0.103
0.104
0.104
0.104
0.104
0.105
0.105
0.105
0.106
0.106
0.106
0.107
0.107
0.107
0.108
0.108
0.108
0.109
0.109
0.109
0.109
0.109
0.109
0.109
0.109
0.11
0.11
0.11
0.111
0.111
0.111
0.112
0.112
0.112
0.112
0.113
0.113
0.113
0.113
0.113
0.114
AGENT 1 Leader, Neuroticism = 0.857
0.455
0.455
0.454
0.453
0.451
0.45
0.449
0.447
0.446
0.444
0.443
0.441
0.439
0.437
0.437
0.436
0.436
0.435
0.435
0.435
0.433
0.43
0.429
0.427
0.427
0.427
0.427
AGENT 2 Leader, Neuroticism = 0.669
0.355
0.355
0.354
0.353
0.351
0.35
0.349
0.348
0.347
0.346
0.345
0.345
0.344
0.344
0.343
0.342
0.342
0.341
0.34
0.34
0.339
0.338
0.338
0.337
0.336
0.335
0.334
0.334
0.333
0.332
0.331
0.331
0.33
0.329
0.326
0.323
0.323
0.322
0.321
0.321
0.32
0.32
0.319
0.319
0.318
0.318
0.317
0.316
0.314
0.313
0.312
0.311
0.311
0.31
0.31
0.309
0.309
0.308
0.307
0.307
0.306
0.306
0.305
0.304
0.303
0.303
0.302
0.301
0.3
0.3
0.299
0.298
0.298
0.297
0.296
0.295
0.293
0.29
0.288
0.286
0.285
0.285
0.282
0.28
0.28
0.279
0.279
0.278
0.278
0.278
0.276
0.274
0.272
0.27
0.268
0.266
0.266
0.266
0.266
0.266
0.266
0.266
0.266
0.266
0.266
0.266
0.264
0.263
0.262
0.261
0.261
0.261
0.26
0.259
0.259
0.259
0.26
0.26
0.26
0.26
0.26
0.26
0.26
0.26
0.26
0.259
0.259
0.259
0.258
0.258
0.257
0.256
0.254
0.253
0.251
0.249
0.248
0.247
0.245
0.244
0.243
0.241
0.24
0.24
0.239
0.238
0.238
0.237
0.235
0.234
0.233
0.232
0.232
0.231
0.23
0.23
0.23
0.229
0.229
0.228
0.228
0.227
0.227
0.227
0.226
0.226
0.226
0.226
0.226
0.226
0.226
0.226
0.226
0.226
0.226
0.226
0.226
0.226
0.226
0.226
0.226
0.226
0.226
0.226
0.226
0.226
0.226
AGENT 3 Leader, Neuroticism = 0.01
0.00531
0.00531
0.00535
0.00539
0.00543
0.00546
0.0055
0.00553
0.00556
0.0056
0.00563
0.00567
0.0057
0.00573
0.00576
0.00579
0.00583
0.00588
0.00592
0.00597
0.00602
0.00606
0.00611
0.00616
0.00621
0.00625
0.00629
0.00633
0.00637
0.00642
0.00646
0.0065
0.00654
0.00657
0.00661
0.00665
0.00668
0.00672
0.00676
0.0068
0.00683
0.00687
0.0069
0.00693
0.00696
0.00699
0.00703
0.00706
0.0071
0.00713
0.00717
0.00721
0.00724
0.00727
0.0073
0.00733
0.00737
0.0074
0.00744
0.00747
0.00751
0.00754
0.00757
0.0076
0.00765
0.00769
0.00773
0.00776
0.00779
0.00782
0.00787
0.00791
0.00795
0.00799
0.00803
0.00807
0.0081
0.00814
0.00818
0.00822
0.00826
0.0083
0.00834
0.00838
0.00842
0.00846
0.0085
0.00854
0.00858
0.00862
0.00866
0.0087
0.00874
0.00878
0.00881
0.00885
0.00889
0.00892
0.00896
0.00899
0.00903
0.00906
0.0091
0.00914
0.00917
0.00921
0.00924
0.00928
0.00931
0.00934
0.00938
0.00941
0.00945
0.00949
0.00953
0.00957
0.0096
0.00963
0.00967
0.0097
0.00973
0.00977
0.00981
0.00984
0.00987
0.00991
0.00994
0.00998
0.01
0.0101
0.0101
0.0101
0.0102
0.0102
0.0102
0.0103
0.0103
0.0103
0.0104
0.0104
0.0104
0.0104
0.0105
0.0105
0.0105
0.0105
0.0106
0.0106
0.0106
0.0107
0.0107
0.0107
0.0108
0.0108
0.0108
0.0109
0.0109
0.0109
0.0109
0.011
0.011
0.011
0.011
0.011
0.0111
0.0111
0.0111
0.0111
0.0111
AGENT 4 Leader, Neuroticism = 0.687
0.365
0.365
0.365
0.365
0.364
0.364
0.363
0.363
0.363
0.363
0.361
0.36
0.359
0.359
0.358
0.358
0.358
0.357
0.357
0.356
0.356
0.356
0.356
0.355
0.355
0.355
0.354
0.354
0.353
0.353
0.352
0.351
0.351
0.351
0.35
0.349
0.348
0.347
0.347
0.346
0.346
0.346
0.345
0.344
0.343
0.342
0.341
0.339
0.338
0.336
0.335
0.333
0.332
0.331
0.33
0.329
0.328
0.328
0.327
0.326
0.326
0.325
0.324
0.323
0.323
0.322
0.321
0.321
0.32
0.319
0.318
0.318
0.317
AGENT 0 Leader, Neuroticism = 0.18
0.0955
0.0955
0.0958
0.0961
0.0963
0.0966
0.097
0.0974
0.0978
0.0983
0.0986
0.0989
0.0993
0.0997
0.1
0.1
0.1
0.101
0.101
0.101
0.101
0.101
0.101
0.101
0.102
0.102
0.103
0.103
0.103
0.104
0.104
0.104
0.104
0.105
0.105
0.105
0.106
0.106
0.106
0.107
0.107
0.107
0.108
0.108
0.108
0.109
0.109
0.109
0.109
0.109
0.109
0.109
0.109
0.11
0.11
0.11
0.111
0.111
0.111
0.112
0.112
0.112
0.112
0.113
0.113
0.113
0.113
0.113
0.114
AGENT 1 Memember. Neuroticism = 0.857
0.455
0.455
0.454
0.453
0.451
0.45
0.449
0.447
0.446
0.444
0.443
0.441
0.439
0.437
0.437
0.436
0.436
0.435
0.435
0.435
0.433
0.43
0.429
0.427
0.427
0.427
0.427
AGENT 2 Memember. Neuroticism = 0.669
0.355
0.355
0.354
0.353
0.351
0.35
0.349
0.348
0.347
0.346
0.345
0.345
0.344
0.344
0.343
0.342
0.342
0.341
0.34
0.34
0.339
0.338
0.338
0.337
0.336
0.335
0.334
0.334
0.333
0.332
0.331
0.331
0.33
0.329
0.326
0.323
0.323
0.322
0.321
0.321
0.32
0.32
0.319
0.319
0.318
0.318
0.317
0.316
0.314
0.313
0.312
0.311
0.311
0.31
0.31
0.309
0.309
0.308
0.307
0.307
0.306
0.306
0.305
0.304
0.303
0.303
0.302
0.301
0.3
0.3
0.299
0.298
0.298
0.297
0.296
0.295
0.293
0.29
0.288
0.286
0.285
0.285
0.282
0.28
0.28
0.279
0.279
0.278
0.278
0.278
0.276
0.274
0.272
0.27
0.268
0.266
0.266
0.266
0.266
0.266
0.266
0.266
0.266
0.266
0.266
0.266
0.264
0.263
0.262
0.261
0.261
0.261
0.26
0.259
0.259
0.259
0.26
0.26
0.26
0.26
0.26
0.26
0.26
0.26
0.26
0.259
0.259
0.259
0.258
0.258
0.257
0.256
0.254
0.253
0.251
0.249
0.248
0.247
0.245
0.244
0.243
0.241
0.24
0.24
0.239
0.238
0.238
0.237
0.235
0.234
0.233
0.232
0.232
0.231
0.23
0.23
0.23
0.229
0.229
0.228
0.228
0.227
0.227
0.227
0.226
0.226
0.226
0.226
0.226
0.226
0.226
0.226
0.226
0.226
0.226
0.226
0.226
0.226
0.226
0.226
0.226
0.226
0.226
0.226
0.226
0.226
0.226
AGENT 3 Leader, Neuroticism = 0.01
0.00531
0.00531
0.00535
0.00539
0.00543
0.00546
0.0055
0.00553
0.00556
0.0056
0.00563
0.00567
0.0057
0.00573
0.00576
0.00579
0.00583
0.00588
0.00592
0.00597
0.00602
0.00606
0.00611
0.00616
0.00621
0.00625
0.00629
0.00633
0.00637
0.00642
0.00646
0.0065
0.00654
0.00657
0.00661
0.00665
0.00668
0.00672
0.00676
0.0068
0.00683
0.00687
0.0069
0.00693
0.00696
0.00699
0.00703
0.00706
0.0071
0.00713
0.00717
0.00721
0.00724
0.00727
0.0073
0.00733
0.00737
0.0074
0.00744
0.00747
0.00751
0.00754
0.00757
0.0076
0.00765
0.00769
0.00773
0.00776
0.00779
0.00782
0.00787
0.00791
0.00795
0.00799
0.00803
0.00807
0.0081
0.00814
0.00818
0.00822
0.00826
0.0083
0.00834
0.00838
0.00842
0.00846
0.0085
0.00854
0.00858
0.00862
0.00866
0.0087
0.00874
0.00878
0.00881
0.00885
0.00889
0.00892
0.00896
0.00899
0.00903
0.00906
0.0091
0.00914
0.00917
0.00921
0.00924
0.00928
0.00931
0.00934
0.00938
0.00941
0.00945
0.00949
0.00953
0.00957
0.0096
0.00963
0.00967
0.0097
0.00973
0.00977
0.00981
0.00984
0.00987
0.00991
0.00994
0.00998
0.01
0.0101
0.0101
0.0101
0.0102
0.0102
0.0102
0.0103
0.0103
0.0103
0.0104
0.0104
0.0104
0.0104
0.0105
0.0105
0.0105
0.0105
0.0106
0.0106
0.0106
0.0107
0.0107
0.0107
0.0108
0.0108
0.0108
0.0109
0.0109
0.0109
0.0109
0.011
0.011
0.011
0.011
0.011
0.0111
0.0111
0.0111
0.0111
0.0111
AGENT 4 Memember. Neuroticism = 0.687
0.365
0.365
0.365
0.365
0.364
0.364
0.363
0.363
0.363
0.363
0.361
0.36
0.359
0.359
0.358
0.358
0.358
0.357
0.357
0.356
0.356
0.356
0.356
0.355
0.355
0.355
0.354
0.354
0.353
0.353
0.352
0.351
0.351
0.351
0.35
0.349
0.348
0.347
0.347
0.346
0.346
0.346
0.345
0.344
0.343
0.342
0.341
0.339
0.338
0.336
0.335
0.333
0.332
0.331
0.33
0.329
0.328
0.328
0.327
0.326
0.326
0.325
0.324
0.323
0.323
0.322
0.321
0.321
0.32
0.319
0.318
0.318
0.317
