AGENT 0 Leader, Neuroticism = 0.588612
0.351372
0.351372
0.343258
0.339432
0.340406
0.342469
0.345733
0.3489
0.352523
0.354677
0.356094
0.357174
0.35765
0.358192
0.364785
0.370424
0.375355
0.379926
0.384202
0.38824
0.392158
0.395819
0.399447
0.402847
0.406124
0.409364
0.412543
0.415623
0.418456
0.421242
0.424061
0.42667
0.429152
0.431504
0.43392
0.43632
0.438171
0.44
0.4426
0.445228
0.447808
0.450227
0.452028
0.453589
0.455722
0.457949
0.460614
0.463097
0.465674
0.468237
0.468523
0.469035
0.468964
0.469392
0.469386
0.470027
0.471142
0.472336
0.473791
0.475289
0.477013
0.478724
0.480276
0.4818
0.48309
0.484397
0.485876
0.487274
0.486625
0.486232
0.486622
0.486642
0.48674
0.486586
0.485799
0.485003
0.484309
0.483695
0.483536
0.483411
0.48324
0.483307
0.483606
0.483926
0.484214
0.484774
0.485372
0.486258
0.487735
0.48945
0.491522
0.493784
0.495918
0.498411
0.50145
0.504595
0.505703
0.507168
0.509624
0.512096
0.514245
0.516344
0.521145
0.525684
0.530295
0.534648
0.53553
0.537273
0.543042
0.548128
0.555466
0.562161
0.566137
0.570267
0.578278
0.584979
0.58846
0.592113
0.598007
0.602736
0.601088
0.601026
0.607287
0.612832
0.610318
0.608924
0.611507
0.614802
0.61425
0.614265
0.616868
0.619026
0.622476
0.625993
0.630197
0.634564
0.637244
0.639944
0.646157
0.651703
0.656468
0.660739
0.662668
0.664995
0.668576
0.672015
0.675451
0.678831
0.681976
0.685174
0.685429
0.685794
0.689031
0.692704
0.694454
0.696524
0.699124
0.702119
0.706032
0.709043
0.707808
0.70758
0.716343
0.723875
0.73341
0.742
0.742843
0.744394
0.752991
0.760801
0.76091
0.761741
0.762878
0.764777
0.773697
0.781568
0.788623
0.795603
0.802678
0.809806
0.817482
0.825088
0.82872
0.832808
0.827019
0.823681
0.832155
0.840154
0.845767
0.851107
0.849827
0.849949
0.852264
0.855618
0.866477
0.876232
0.884815
0.892947
0.901265
0.909448
0.917935
0.926488
0.935371
0.944338
0.953393
AGENT 1 Leader, Neuroticism = 0.680805
0.406407
0.406407
0.396289
0.387975
0.37986
0.373931
0.372211
0.370911
0.370151
0.370143
0.371743
0.373598
0.375259
0.377092
0.377448
0.378279
0.378604
0.379117
0.379971
0.380835
0.38555
0.389106
0.392821
0.396044
0.395089
0.395091
0.395829
0.39684
0.397559
0.398653
0.399701
0.401012
0.402479
0.404335
0.40661
0.408987
0.411534
0.414029
0.416467
0.41868
0.420584
0.422622
0.42487
0.427131
0.429357
0.431504
0.433144
0.434991
0.436783
0.438819
0.441215
0.443538
0.445278
0.447291
0.449484
0.451486
0.453144
0.454771
0.456706
0.458435
0.45994
0.46134
0.462492
0.463841
0.465382
0.466763
0.468078
0.469407
0.470789
0.471927
0.472863
0.473503
0.476942
0.479945
0.478976
0.478077
0.477594
0.477163
0.47671
0.476322
0.475923
0.475587
0.475435
0.475414
0.475628
0.475941
0.475362
0.475747
0.476753
0.477974
0.479109
0.480373
0.481157
0.482505
0.484068
0.486222
0.488886
0.491838
0.495006
0.4984
0.508181
0.516115
0.509778
0.50642
0.506052
0.506827
0.50919
0.512047
0.516995
0.521543
0.52344
0.526026
0.531412
0.536183
0.538728
0.541839
0.546002
0.550207
0.553521
0.557281
0.56309
0.568555
0.572625
0.576753
0.587912
0.59754
0.60567
0.613318
0.612693
0.613217
0.622521
0.631254
0.638638
0.645949
0.652841
0.659723
0.666497
0.673303
0.679719
AGENT 2 Leader, Neuroticism = 0.75948
0.453372
0.453372
0.415056
0.390157
0.375204
0.364397
0.356236
0.350058
0.339252
0.332498
0.326766
0.323982
0.322691
0.32122
0.32005
0.320789
0.321726
0.322392
0.320608
0.321476
0.322316
0.323112
0.320525
0.31957
0.319631
0.320634
0.319076
0.319325
0.320659
0.322563
0.338564
0.350394
0.34622
0.344619
0.343686
0.343106
0.341594
0.341628
0.342736
0.34488
0.362354
0.374866
0.383828
0.391012
0.398624
0.404464
0.41034
0.414915
0.419809
0.423859
0.428309
0.432241
0.436528
0.440184
0.444742
0.448583
0.445367
0.443678
0.442862
0.442866
0.449982
0.45557
0.46065
0.464965
0.463512
0.462429
0.461727
0.461434
0.462036
0.462658
0.463013
0.463134
0.463002
0.462627
0.462166
0.46165
0.460717
0.460143
0.467566
0.473033
0.469795
0.467441
0.465463
0.464294
0.463347
0.463105
0.463269
0.464503
0.466069
0.467715
0.468465
0.469809
0.47124
0.473362
0.476192
0.479542
0.475434
0.473904
0.481927
0.488007
0.498364
0.506304
0.501287
0.499423
0.500767
0.502932
0.515875
0.525663
0.524793
0.525104
0.524631
0.525731
0.527482
0.529922
0.543438
0.554225
0.553734
0.554817
0.557217
0.560336
0.56427
0.568731
0.574697
0.579914
0.583261
0.586948
0.590438
0.594548
0.598283
0.602606
0.607224
0.6122
0.622643
0.632455
0.640938
0.649191
0.655342
0.661557
0.66784
AGENT 3 Leader, Neuroticism = 0.647588
0.386578
0.386578
0.380421
0.375875
0.374561
0.373327
0.372783
0.372247
0.369389
0.367628
0.366901
0.367007
0.367993
0.369299
0.370952
0.372726
0.375159
0.377215
0.380097
0.382938
0.385211
0.387673
0.390086
0.392762
0.395025
0.397423
0.400387
0.40342
0.405202
0.407555
0.410285
0.413377
0.416824
0.420429
0.424194
0.428058
0.43204
0.436045
0.440058
0.44384
0.447682
0.451636
0.455621
0.459452
0.464337
0.469137
0.473881
0.478596
0.483287
0.488013
0.492745
0.497486
0.501258
0.50506
0.508907
0.512014
0.515621
0.519066
0.52409
0.529154
0.510241
0.496409
0.501531
0.506653
0.51621
0.524977
0.532673
0.53998
0.546794
0.553504
0.558733
AGENT 4 Leader, Neuroticism = 0.686618
0.409877
0.409877
0.390563
0.37637
0.364421
0.356597
0.35328
0.351493
0.351132
0.351608
0.352189
0.353328
0.354537
0.355733
0.358058
0.360403
0.362477
0.364993
0.368576
0.372231
0.377092
0.381469
0.385699
0.389712
0.387697
0.387431
0.391838
0.396154
0.399754
0.40354
0.407122
0.410496
0.413347
0.416229
0.418986
0.421711
0.424978
0.428079
0.431522
0.434727
0.437589
0.440239
0.442664
0.445107
0.447539
0.449986
0.45591
0.460782
0.464847
0.468526
0.46804
0.468102
0.473321
0.477733
0.476291
0.475781
0.476022
0.476667
0.477326
0.478361
0.47978
0.481493
0.483685
0.485527
0.486116
0.48689
0.490132
0.492552
0.495071
0.497104
0.498518
0.499914
0.498594
0.497957
0.497982
0.498331
0.499612
0.50077
0.502958
0.504478
0.506624
0.50837
0.51186
0.51445
0.511868
0.509988
0.508722
0.50792
0.506964
0.506438
0.506314
0.506554
0.507224
0.508143
0.509977
0.511871
0.527194
0.53504
0.531369
0.529499
0.532267
0.534988
0.530671
0.527849
0.527193
0.527548
0.529727
0.531744
0.533909
0.536432
0.539943
0.54333
0.547179
0.550907
0.554623
0.558409
0.562449
0.566551
0.570552
0.573802
0.576741
0.5802
0.584244
0.587953
0.593226
0.597995
0.599666
0.602075
0.605199
0.608698
0.613873
0.619007
0.625724
0.631715
0.637303
0.642421
0.641153
0.64164
0.644801
0.648238
0.650948
0.653988
0.658663
0.66284
0.666702
0.670496
0.673845
0.677243
0.681502
0.685787
0.69106
0.695726
0.700164
0.704341
0.70095
0.699122
0.701063
0.703283
0.709912
0.715555
0.715437
0.716383
0.715692
0.716282
0.717478
0.719601
0.722083
0.725611
0.72389
0.724036
0.730851
0.737032
0.741812
0.746134
0.749189
0.752369
0.759722
0.767112
0.779458
0.790664
0.80028
0.809462
0.817796
0.825966
0.834205
0.842346
0.850402
0.858448
0.866657
AGENT 0 Memember. Neuroticism = 0.588612
0.351372
0.351372
0.343258
0.339432
0.340406
0.342469
0.345733
0.3489
0.352523
0.354677
0.356094
0.357174
0.35765
0.358192
0.364785
0.370424
0.375355
0.379926
0.384202
0.38824
0.392158
0.395819
0.399447
0.402847
0.406124
0.409364
0.412543
0.415623
0.418456
0.421242
0.424061
0.42667
0.429152
0.431504
0.43392
0.43632
0.438171
0.44
0.4426
0.445228
0.447808
0.450227
0.452028
0.453589
0.455722
0.457949
0.460614
0.463097
0.465674
0.468237
0.468523
0.469035
0.468964
0.469392
0.469386
0.470027
0.471142
0.472336
0.473791
0.475289
0.477013
0.478724
0.480276
0.4818
0.48309
0.484397
0.485876
0.487274
0.486625
0.486232
0.486622
0.486642
0.48674
0.486586
0.485799
0.485003
0.484309
0.483695
0.483536
0.483411
0.48324
0.483307
0.483606
0.483926
0.484214
0.484774
0.485372
0.486258
0.487735
0.48945
0.491522
0.493784
0.495918
0.498411
0.50145
0.504595
0.505703
0.507168
0.509624
0.512096
0.514245
0.516344
0.521145
0.525684
0.530295
0.534648
0.53553
0.537273
0.543042
0.548128
0.555466
0.562161
0.566137
0.570267
0.578278
0.584979
0.58846
0.592113
0.598007
0.602736
0.601088
0.601026
0.607287
0.612832
0.610318
0.608924
0.611507
0.614802
0.61425
0.614265
0.616868
0.619026
0.622476
0.625993
0.630197
0.634564
0.637244
0.639944
0.646157
0.651703
0.656468
0.660739
0.662668
0.664995
0.668576
0.672015
0.675451
0.678831
0.681976
0.685174
0.685429
0.685794
0.689031
0.692704
0.694454
0.696524
0.699124
0.702119
0.706032
0.709043
0.707808
0.70758
0.716343
0.723875
0.73341
0.742
0.742843
0.744394
0.752991
0.760801
0.76091
0.761741
0.762878
0.764777
0.773697
0.781568
0.788623
0.795603
0.802678
0.809806
0.817482
0.825088
0.82872
0.832808
0.827019
0.823681
0.832155
0.840154
0.845767
0.851107
0.849827
0.849949
0.852264
0.855618
0.866477
0.876232
0.884815
0.892947
0.901265
0.909448
0.917935
0.926488
0.935371
0.944338
0.953393
AGENT 1 Memember. Neuroticism = 0.680805
0.406407
0.406407
0.396289
0.387975
0.37986
0.373931
0.372211
0.370911
0.370151
0.370143
0.371743
0.373598
0.375259
0.377092
0.377448
0.378279
0.378604
0.379117
0.379971
0.380835
0.38555
0.389106
0.392821
0.396044
0.395089
0.395091
0.395829
0.39684
0.397559
0.398653
0.399701
0.401012
0.402479
0.404335
0.40661
0.408987
0.411534
0.414029
0.416467
0.41868
0.420584
0.422622
0.42487
0.427131
0.429357
0.431504
0.433144
0.434991
0.436783
0.438819
0.441215
0.443538
0.445278
0.447291
0.449484
0.451486
0.453144
0.454771
0.456706
0.458435
0.45994
0.46134
0.462492
0.463841
0.465382
0.466763
0.468078
0.469407
0.470789
0.471927
0.472863
0.473503
0.476942
0.479945
0.478976
0.478077
0.477594
0.477163
0.47671
0.476322
0.475923
0.475587
0.475435
0.475414
0.475628
0.475941
0.475362
0.475747
0.476753
0.477974
0.479109
0.480373
0.481157
0.482505
0.484068
0.486222
0.488886
0.491838
0.495006
0.4984
0.508181
0.516115
0.509778
0.50642
0.506052
0.506827
0.50919
0.512047
0.516995
0.521543
0.52344
0.526026
0.531412
0.536183
0.538728
0.541839
0.546002
0.550207
0.553521
0.557281
0.56309
0.568555
0.572625
0.576753
0.587912
0.59754
0.60567
0.613318
0.612693
0.613217
0.622521
0.631254
0.638638
0.645949
0.652841
0.659723
0.666497
0.673303
0.679719
AGENT 2 Memember. Neuroticism = 0.75948
0.453372
0.453372
0.415056
0.390157
0.375204
0.364397
0.356236
0.350058
0.339252
0.332498
0.326766
0.323982
0.322691
0.32122
0.32005
0.320789
0.321726
0.322392
0.320608
0.321476
0.322316
0.323112
0.320525
0.31957
0.319631
0.320634
0.319076
0.319325
0.320659
0.322563
0.338564
0.350394
0.34622
0.344619
0.343686
0.343106
0.341594
0.341628
0.342736
0.34488
0.362354
0.374866
0.383828
0.391012
0.398624
0.404464
0.41034
0.414915
0.419809
0.423859
0.428309
0.432241
0.436528
0.440184
0.444742
0.448583
0.445367
0.443678
0.442862
0.442866
0.449982
0.45557
0.46065
0.464965
0.463512
0.462429
0.461727
0.461434
0.462036
0.462658
0.463013
0.463134
0.463002
0.462627
0.462166
0.46165
0.460717
0.460143
0.467566
0.473033
0.469795
0.467441
0.465463
0.464294
0.463347
0.463105
0.463269
0.464503
0.466069
0.467715
0.468465
0.469809
0.47124
0.473362
0.476192
0.479542
0.475434
0.473904
0.481927
0.488007
0.498364
0.506304
0.501287
0.499423
0.500767
0.502932
0.515875
0.525663
0.524793
0.525104
0.524631
0.525731
0.527482
0.529922
0.543438
0.554225
0.553734
0.554817
0.557217
0.560336
0.56427
0.568731
0.574697
0.579914
0.583261
0.586948
0.590438
0.594548
0.598283
0.602606
0.607224
0.6122
0.622643
0.632455
0.640938
0.649191
0.655342
0.661557
0.66784
AGENT 3 Memember. Neuroticism = 0.647588
0.386578
0.386578
0.380421
0.375875
0.374561
0.373327
0.372783
0.372247
0.369389
0.367628
0.366901
0.367007
0.367993
0.369299
0.370952
0.372726
0.375159
0.377215
0.380097
0.382938
0.385211
0.387673
0.390086
0.392762
0.395025
0.397423
0.400387
0.40342
0.405202
0.407555
0.410285
0.413377
0.416824
0.420429
0.424194
0.428058
0.43204
0.436045
0.440058
0.44384
0.447682
0.451636
0.455621
0.459452
0.464337
0.469137
0.473881
0.478596
0.483287
0.488013
0.492745
0.497486
0.501258
0.50506
0.508907
0.512014
0.515621
0.519066
0.52409
0.529154
0.510241
0.496409
0.501531
0.506653
0.51621
0.524977
0.532673
0.53998
0.546794
0.553504
0.558733
AGENT 4 Memember. Neuroticism = 0.686618
0.409877
0.409877
0.390563
0.37637
0.364421
0.356597
0.35328
0.351493
0.351132
0.351608
0.352189
0.353328
0.354537
0.355733
0.358058
0.360403
0.362477
0.364993
0.368576
0.372231
0.377092
0.381469
0.385699
0.389712
0.387697
0.387431
0.391838
0.396154
0.399754
0.40354
0.407122
0.410496
0.413347
0.416229
0.418986
0.421711
0.424978
0.428079
0.431522
0.434727
0.437589
0.440239
0.442664
0.445107
0.447539
0.449986
0.45591
0.460782
0.464847
0.468526
0.46804
0.468102
0.473321
0.477733
0.476291
0.475781
0.476022
0.476667
0.477326
0.478361
0.47978
0.481493
0.483685
0.485527
0.486116
0.48689
0.490132
0.492552
0.495071
0.497104
0.498518
0.499914
0.498594
0.497957
0.497982
0.498331
0.499612
0.50077
0.502958
0.504478
0.506624
0.50837
0.51186
0.51445
0.511868
0.509988
0.508722
0.50792
0.506964
0.506438
0.506314
0.506554
0.507224
0.508143
0.509977
0.511871
0.527194
0.53504
0.531369
0.529499
0.532267
0.534988
0.530671
0.527849
0.527193
0.527548
0.529727
0.531744
0.533909
0.536432
0.539943
0.54333
0.547179
0.550907
0.554623
0.558409
0.562449
0.566551
0.570552
0.573802
0.576741
0.5802
0.584244
0.587953
0.593226
0.597995
0.599666
0.602075
0.605199
0.608698
0.613873
0.619007
0.625724
0.631715
0.637303
0.642421
0.641153
0.64164
0.644801
0.648238
0.650948
0.653988
0.658663
0.66284
0.666702
0.670496
0.673845
0.677243
0.681502
0.685787
0.69106
0.695726
0.700164
0.704341
0.70095
0.699122
0.701063
0.703283
0.709912
0.715555
0.715437
0.716383
0.715692
0.716282
0.717478
0.719601
0.722083
0.725611
0.72389
0.724036
0.730851
0.737032
0.741812
0.746134
0.749189
0.752369
0.759722
0.767112
0.779458
0.790664
0.80028
0.809462
0.817796
0.825966
0.834205
0.842346
0.850402
0.858448
0.866657
