1.03454
1.06331
1.05746
1.03054
1.03007
1.04228
1.05034
1.05727
1.05411
1.06961
1.01989
1.07972
1.01223
1.04186
1.04657
1.02051
1.05727
1.02694
1.07626
1.06247
1.05421
1.04225
1.0436
1.06198
1.05758
1.06
1.04
1.05
1.19344
1.04281
1.13006
1.14784
1.10134
1.13107
1.14439
1.17742
1.14706
1.17043
1.07782
1.11894
1.12674
1.06883
1.11735
1.11888
1.1018
1.07202
1.15082
1.15085
1.17927
1.18572
1.02513
1.02403
1.04657
1.06331
1.04445
1.04916
1.06189
1.02346
1.0344
1.07223
1.01778
1.06728
1.05648
1.03899
1.0388
1.09777
1.0244
1.0508
1.05138
1.0919
1.06583
1.078
1.07562
1.09033
1.07383
1.09622
1.08485
1.08506
1.03968
1.04222
1.05989
1.02681
1.07728
1.06714
1.05965
1.03272
1.05782
1.0397
1.05436
1.06757
1.05537
1.04993
1.07681
1.03198
1.05411
1.05568
1.04504
1.09357
1.06485
1.03622
1.07046
1.034
1.04703
1.06602
1.06492
1.03346
1.0597
1.04867
1.06724
1.05762
1.0627
1.05502
1.06864
1.07807
1.08363
1.04729
1.05505
1.0708
1.06835
1.04946
1.02607
1.06995
1.06924
1.01961
1.04077
1.02534
1.07346
1.05395
1.06993
1.0406
1.02166
1.04465
1.03112
1.0923
1.08868
1.07825
1.08172
1.01703
1.02315
1.06489
1.02259
1.02881
1.05903
1.02209
1.07289
1.05113
1.02989
1.03976
1.0655
1.03107
1.07484
1.05425
1.03048
1.06355
1.04807
1.05023
1.06249
1.079
1.03718
1.06997
1.0379
1.05658
1.05068
1.03678
1.06498
1.06186
1.01164
1.05204
1.04803
1.04759
1.03505
1.09131
1.08013
1.07805
1.07082
1.04758
1.09478
1.05621
1.03928
1.10425
1.04828
1.05595
1.0675
1.0538
1.09246
1.04156
1.04259
1.05815
1.0605
1.05556
1.04781
1.01872
1.04143
1.04436
1.09493
1.05828
1.00497
1.08492
1.08917
1.08818
1.06223
1.12069
1.08841
1.06687
1.0709
1.06232
1.10351
1.09843
1.10636
1.07854
1.07266
1.09517
1.07674
1.09603
1.07904
1.12089
1.06294
1.08815
1.08724
1.11428
1.11679
1.0869
1.11325
1.08968
1.05531
1.09187
1.06319
1.06386
1.06955
1.04893
1.07117
1.07755
1.0526
1.07964
1.08185
1.10779
1.09838
1.07481
1.09252
1.0624
1.06409
1.0818
1.07275
1.0574
1.0944
1.11254
1.0653
1.10942
1.07832
1.10078
1.08271
1.08142
1.10226
1.08311
1.09971
1.1003
1.06776
1.06434
1.06133
1.08823
1.10206
1.10887
1.09995
1.07551
1.03772
1.04358
1.04401
1.03663
1.0088
1.04749
1.04447
1.07754
1.0189
1.08829
1.04584
1.05881
1.03665
1.07199
1.0509
1.03316
1.07054
1.05241
1.08112
1.04727
1.06123
1.09725
1.0564
1.02294
1.02654
1.04986
1.10735
1.08985
1.06706
1.05123
1.02774
1.07537
1.06496
1.02026
1.09941
1.03111
1.06353
1.09447
1.04946
1.09617
1.06644
1.04078
1.08131
1.07356
1.08646
1.08762
1.06161
1.07882
1.08037
0.927168
1.0087
1.05424
1.07173
1.05543
1.03116
1.0424
1.07707
1.07186
1.02146
1.04787
1.05226
1.05664
1.05166
1.05916
1.04325
1.06671
1.06005
1.0144
1.03716
1.03315
1.06713
1.04198
1.06158
1.03712
1.04546
1.02591
1.06978
1.04122
1.07527
1.07283
1.05476
1.04632
1.01104
1.0625
1.11105
1.05178
1.076
1.04365
1.05842
1.05762
1.07475
1.08274
1.05162
1.03058
1.06969
1.09217
1.0736
1.06542
1.06892
1.07238
1.04854
1.10048
1.02392
1.05696
1.05484
1.01707
1.04213
1.07213
1.12019
1.10318
1.02755
1.06356
1.05984
1.04822
1.04408
1.06131
1.03967
1.06194
1.09897
1.05775
1.0773
1.02247
1.04861
1.06788
1.07557
1.05697
1.03641
1.02586
1.06997
1.05254
1.04678
1.06403
1.04026
1.04749
1.02523
1.04802
1.061
1.04989
1.08277
1.04316
1.07265
1.09356
1.06893
1.07951
1.06264
1.06466
1.06412
1.04865
1.07233
1.05565
1.05518
1.04055
1.05319
1.05603
1.08502
1.05549
1.07376
1.06716
1.06208
1.07175
1.08997
1.05933
1.05711
1.03295
1.05305
1.02792
1.07906
1.00826
1.04498
1.05508
1.0425
1.09953
1.0506
1.07204
1.04954
1.07233
1.06085
1.05332
1.07657
1.02346
1.05925
1.03368
1.05988
1.03952
1.06937
1.03971
1.02874
1.07004
1.04924
1.08515
1.0416
1.04381
1.02698
1.0437
1.05606
1.03944
1.04809
1.03284
1.07439
1.08119
1.05629
1.02066
1.06492
1.04941
1.02359
1.05616
1.09168
1.05747
1.03032
1.0684
1.01564
1.08197
1.01948
1.04341
1.06106
1.06051
1.07295
1.0366
1.08343
1.04609
1.04737
1.05747
1.06287
1.03909
1.05328
1.0576
1.06742
1.10198
1.06174
1.05114
1.04939
1.05209
1.05337
1.07424
1.06425
1.05968
1.08663
1.0662
1.06678
1.07142
1.03591
1.06413
1.04087
1.01554
1.07827
1.03202
1.05997
1.07577
1.05872
1.04578
1.05637
1.07817
1.05549
1.03563
1.02091
1.05377
1.03953
1.08294
1.03543
1.05235
1.04309
1.05398
1.07036
1.06887
1.04972
1.0701
1.01741
1.07028
1.07378
1.03575
1.04626
1.05793
1.0588
1.0772
1.02986
1.04961
1.04042
1.04214
1.05187
1.06807
1.01829
1.04046
1.04728
1.08097
1.02185
1.05257
1.02869
1.0869
1.05642
1.07296
1.03296
1.03558
1.0437
1.06534
1.03973
1.05608
1.07379
1.04334
1.05953
1.0808
1.02963
0.985421
1.05747
1.06247
1.04815
1.05871
1.05835
1.07718
1.03701
1.03711
1.07087
1.07231
1.0759
1.05868
1.05209
1.04535
1.08771
1.05511
1.05768
1.09108
1.05421
1.04746
1.03339
1.0172
1.06012
1.05983
1.06213
1.06354
1.04416
1.08497
1.07792
1.05569
1.07691
1.04256
1.02151
1.03984
1.06016
1.02826
1.06534
1.05094
1.07037
1.05574
1.06266
1.02181
1.06653
1.04245
1.07032
1.02435
1.06801
1.05563
1.02598
1.06368
1.07703
1.06271
1.2439
1.05318
1.03267
1.05479
1.05086
1.03823
1.07214
1.04787
1.0594
1.07821
1.09208
1.03284
1.05442
1.05423
1.03836
1.04952
1.04733
1.05425
1.03021
1.0099
1.04753
1.10295
1.0771
1.09469
1.03886
1.04378
1.05043
1.05607
1.03906
1.06415
1.03969
1.06727
1.0487
1.08225
1.03443
1.04144
1.04354
1.01421
1.04591
1.05131
1.03367
1.02474
1.09726
1.03332
1.06473
1.06361
1.05072
1.03479
1.07382
1.05239
1.10142
1.06852
1.06033
1.07018
1.06927
1.04309
1.07278
1.05731
1.06563
1.07785
1.03808
1.06028
1.07063
1.11091
1.06823
1.03939
1.05048
1.02715
1.07391
1.04094
1.01622
1.06067
1.04402
1.05547
1.0581
1.09063
1.0439
1.03729
1.07499
1.0928
1.04565
1.04474
1.06512
1.07038
1.04338
1.05069
1.09787
1.0438
1.06668
1.07796
1.06597
1.06529
1.0425
1.05794
1.07727
1.04753
1.0674
1.11675
1.07802
1.04196
1.07704
1.02711
1.06469
1.02355
1.06223
1.03981
0.99143
1.02453
1.08056
1.02784
1.03996
1.05106
1.07933
1.0794
1.05154
1.04084
1.07977
1.04943
1.06312
1.06046
1.04813
1.06527
1.07684
1.02692
1.04773
1.08721
1.11198
1.05072
1.02756
1.06343
1.06822
1.05024
1.06837
1.04205
1.05354
1.03463
1.02314
1.06926
1.06037
1.07975
1.05289
1.04632
1.04789
1.05292
1.093
1.05585
1.02356
1.09766
1.09342
1.0542
1.05686
1.08854
1.01928
1.08508
1.04626
1.07445
1.05874
1.03968
1.01636
1.02349
1.07482
1.05559
1.09167
1.0443
1.07747
1.04129
1.06157
1.05549
1.05371
1.09735
1.06332
1.04823
1.05103
1.0369
1.06574
1.01475
1.02937
1.06462
1.03612
1.0383
1.07398
1.08197
1.06551
1.04956
1.05751
1.10555
1.07146
1.03922
1.04501
1.07059
1.0429
1.07514
1.05974
1.09868
1.05286
1.06881
1.04564
1.05644
1.03757
1.0604
1.05413
1.08716
1.03974
1.07601
1.08805
1.06402
1.06433
1.05067
1.02742
1.04319
1.0679
1.03693
1.02609
1.05089
1.03358
1.02933
1.05616
1.07434
1.04703
1.06846
1.03629
1.06267
1.04115
1.04019
1.05031
1.05591
1.0681
1.05396
1.05683
1.09708
1.1012
1.04661
1.01595
1.05129
1.07845
1.07292
1.05485
1.02213
1.04773
1.02275
1.05866
1.06226
1.03377
1.06416
1.01204
1.06416
1.07822
1.02797
1.05845
1.06553
1.01482
1.00313
1.05313
1.07391
1.06582
1.04702
1.02203
1.0692
1.05933
1.06152
1.07061
1.0375
1.06736
1.06956
1.06238
1.03862
1.05519
1.06395
1.03497
1.05249
1.03821
1.06391
1.0415
1.01957
1.06536
1.08474
1.05452
1.08889
1.05917
1.05652
1.09514
1.04114
1.06692
1.07795
1.05798
1.07254
1.06648
1.07447
1.04166
1.05591
1.07831
1.06133
1.10248
1.07007
1.04165
1.05494
1.06644
1.08484
1.06675
1.08418
1.0943
1.06006
1.08242
1.02992
1.06317
1.05981
1.0731
1.06097
1.03378
1.05677
1.06676
1.07479
1.11327
1.0844
1.06073
1.05616
1.06642
1.05788
1.06297
1.02948
1.10094
1.0621
1.0882
1.02191
1.03787
1.05242
1.0829
1.03735
1.04901
1.05459
1.06129
1.06109
1.06692
1.0242
1.0638
1.04814
1.05941
1.06909
1.05861
1.04388
1.07596
1.06722
1.04972
1.0377
1.04834
1.09285
1.03563
1.03079
1.06185
1.05399
1.0206
1.03049
1.08335
1.08013
1.05199
1.0262
1.03405
1.05719
1.03733
1.05535
1.06918
1.08884
1.08341
1.06982
1.05258
1.09061
1.08098
1.08343
1.05614
1.0458
1.06746
0.989885
1.06809
1.08105
1.04918
1.07263
1.08975
1.09759
1.0882
1.05165
1.06013
1.0267
1.04343
1.05231
1.01343
1.0866
1.05823
1.07234
1.06802
1.03443
1.07727
1.08018
1.04465
1.03328
1.10494
1.0474
1.03793
1.05615
1.05736
1.02874
1.10823
1.057
1.02871
1.03142
1.04716
1.03002
1.07244
1.06236
1.03994
1.10615
1.04358
1.05493
1.00046
1.06813
1.05244
1.05432
1.05991
1.16136
1.17981
1.16943
1.16055
1.16507
1.15211
1.18636
1.19961
1.15138
1.15673
1.18172
1.16167
1.15566
1.17862
1.18588
1.17567
1.18047
1.18513
1.19086
1.17657
1.1643
1.1945
1.19249
1.17812
1.17932
1.18935
1.16673
1.1886
1.17742
1.1738
1.15905
1.17295
1.17762
1.1977
1.17959
1.15588
1.15054
1.18036
1.13764
1.20877
1.02959
1.19183
1.19583
1.16507
1.1538
1.15957
1.19758
1.09352
1.16205
1.18914
1.07527
1.18774
1.15304
1.17318
1.15204
1.17821
1.17503
1.177
1.16964
1.15809
1.18602
1.18573
0.999398
1.16379
1.17501
1.16784
1.15166
1.15287
1.13707
1.18172
1.07954
1.19826
1.17443
1.15822
1.13527
1.17106
1.16847
1.16076
1.14864
1.02458
1.17862
1.17319
1.17486
1.16201
1.16986
1.17625
1.12877
1.15442
1.19105
1.14967
1.16181
1.149
1.14138
1.16985
1.17134
1.13217
1.1824
1.17795
1.15114
1.18156
1.17082
1.05331
1.18825
1.19939
1.18004
1.19342
1.1353
1.15888
1.04053
1.13916
1.13378
1.15956
1.16113
1.20497
0.880429
1.15393
1.19699
1.17693
1.17668
1.14887
1.18175
1.14971
1.17061
1.16761
1.16572
1.16956
1.16082
1.16159
1.1547
1.18843
1.18444
1.16322
1.16371
1.17612
1.18096
1.16396
1.19524
1.17389
1.18758
1.17763
1.17083
1.17081
1.09884
1.16906
1.07591
1.17964
1.18744
1.18975
1.19306
1.17443
1.16506
1.17091
1.17293
1.1895
1.19194
1.14115
1.06554
1.188
1.19093
1.15807
1.20195
1.16245
1.19251
1.16435
1.17745
1.17021
1.16198
1.1803
1.17374
1.17334
1.16866
1.18014
1.14706
1.17557
1.14011
1.17917
1.05788
1.08035
1.20498
1.17438
1.18832
0.930437
1.20115
1.00766
1.18341
1.1701
1.15548
1.17616
1.17495
1.17688
1.16777
1.1827
1.14674
1.15217
1.15985
1.21549
1.04373
1.20306
1.18701
1.17681
1.1797
1.03805
1.17264
1.17067
1.15322
1.18906
1.15732
1.07599
1.17217
1.19028
1.16764
1.17589
1.1423
1.18732
1.17301
1.17404
1.167
1.17732
1.18176
1.05805
1.16893
1.18746
1.10236
1.0469
1.14376
1.16556
1.16347
1.08936
1.06546
1.09517
1.08686
1.08218
1.07606
1.08829
1.05884
1.09456
1.12528
1.08918
1.10196
1.06499
1.06894
1.10832
1.06076
1.0846
1.11698
1.08514
1.12062
1.10836
1.08868
1.09933
1.11316
1.08154
1.07521
1.06144
1.09152
1.10452
1.09437
1.06189
1.04726
1.10038
1.06976
1.08286
1.06452
1.07654
1.02846
1.10215
1.0924
1.0597
1.06725
1.11717
1.06179
1.02564
1.06845
1.08319
1.08923
1.06192
1.07452
1.06975
1.06768
1.10511
1.06276
1.06666
1.03246
1.06556
1.0771
1.08907
1.10067
1.04802
1.09508
1.05311
1.05441
1.1122
1.09822
1.12494
1.07914
1.07307
1.05637
1.10759
1.07763
1.09069
1.08126
1.09573
1.12699
1.06496
1.09512
1.07642
1.07372
1.09498
1.07891
1.06284
1.09736
1.08656
1.05573
1.13648
1.08414
1.10372
1.13389
1.07548
1.1265
1.02591
1.08599
1.08957
1.12704
1.05217
1.12069
1.09527
1.11097
1.04452
1.03117
1.03821
1.04734
1.03281
1.04896
1.07119
1.06704
1.04265
1.10012
1.05991
1.04342
1.04566
1.04377
1.05269
1.0243
1.06912
1.06228
1.03966
1.03344
1.05719
1.05532
1.02554
1.02106
1.08029
1.03102
1.06316
1.04942
1.06695
1.06021
1.05971
1.07394
1.02098
1.08381
1.07789
1.03268
1.07579
1.07885
1.01114
1.08056
1.04707
1.05796
1.09861
1.05479
1.07051
1.06096
1.07611
1.07767
1.06585
1.05674
1.05198
1.00687
1.032
1.03283
1.05163
1.04847
1.03466
1.06282
1.05405
1.06053
1.03988
1.00942
1.08212
1.05049
1.0907
1.09475
1.06053
1.05966
1.07461
1.0452
1.04742
1.05057
1.0558
1.1313
1.07978
1.09337
1.04768
1.07654
1.06636
1.0667
1.08603
1.06216
1.06127
1.04397
1.09138
1.05605
1.03951
1.07002
1.02896
1.03816
1.04775
1.06009
1.09712
1.06494
1.05985
1.17602
1.18683
1.04842
1.0809
1.09869
1.11455
1.1817
0.999772
1.06261
1.0281
1.04831
1.04383
1.02691
1.08399
1.04825
1.03566
1.0533
1.0353
1.05706
1.05204
1.07551
1.07003
1.04181
1.32635
1.35443
1.31142
1.32368
1.34431
1.30031
1.33927
1.34162
1.31511
1.32291
1.35316
1.32
1.31665
1.32474
1.34331
1.31801
1.34383
1.31548
1.32628
1.31251
1.33039
1.31893
1.32522
1.34691
1.32015
1.32321
1.32805
1.34158
1.30508
1.3374
1.31051
1.33287
1.33353
1.31888
1.33209
1.3068
1.33039
1.32536
1.34123
1.32015
1.3134
1.35091
1.31459
1.32434
1.32757
1.31289
1.33913
1.32337
1.3264
1.32345
1.32639
1.33834
1.33529
1.31825
1.33333
1.34238
1.33083
1.34418
1.32484
1.31534
1.32759
1.329
1.3154
1.32887
1.30307
1.31994
1.33815
1.32943
1.3229
1.30873
1.32228
1.30362
1.32701
1.33196
1.33856
1.33278
1.34418
1.31096
1.33902
1.32406
1.31292
1.32818
1.31934
1.33968
1.31826
1.32301
1.32576
1.34027
1.32889
1.32487
1.31141
1.32311
1.33159
1.32307
1.32578
1.32634
1.33868
1.31573
1.31453
1.30883
1.32869
1.34394
1.31916
1.31778
1.32422
1.33012
1.32216
1.31045
1.33647
1.33482
1.3544
1.34189
1.34774
1.34498
1.32727
1.33792
1.36294
1.37338
1.3467
1.36401
1.35025
1.36003
1.34542
1.35812
1.35264
1.36808
1.34434
1.33572
1.34285
1.36616
1.35731
1.35727
1.33827
1.34621
1.35777
1.34528
1.34974
1.34879
1.35571
1.37036
1.34538
1.33895
1.35541
1.34855
1.33223
1.34262
1.35585
1.31871
1.32904
1.33651
1.34449
1.36788
1.35267
1.34617
1.33854
1.35453
1.3623
1.33434
1.32914
1.35018
1.343
1.36195
1.35919
1.33646
1.32819
1.34918
1.3379
1.34145
1.34345
1.36967
1.35803
1.35111
1.34685
1.33495
1.3545
1.35412
1.33662
1.34541
1.33996
1.35669
1.34783
1.36844
1.35591
1.34983
1.34606
1.35821
1.3631
1.3482
1.32935
1.34343
1.33569
1.35005
1.3569
1.34274
1.33495
1.35359
1.35307
1.33394
1.35432
1.35773
1.3527
1.33505
1.34499
1.35796
1.34608
1.34736
1.38245
1.33256
1.35417
1.32711
1.3234
1.34769
1.35137
1.3539
1.34652
1.32968
1.36199
1.34434
1.35393
1.35191
1.34381
1.33487
1.35069
1.34107
1.34682
1.34304
1.35078
1.33864
1.36564
1.33951
1.36629
1.36294
1.35509
1.36734
1.34999
1.35119
1.35411
1.34681
1.35519
1.34496
1.3769
1.34347
1.34603
1.34415
1.34784
1.35425
1.33857
1.35195
1.35019
1.35509
1.34049
1.34725
1.35309
1.34753
1.34836
1.35597
1.34964
1.348
1.35925
1.34713
1.34112
1.3303
1.33387
1.34192
1.34791
1.35338
1.34617
1.33637
1.35309
1.33026
1.34231
0.615735
0.580668
0.578404
0.558892
0.558777
0.539048
0.55707
0.567585
0.565098
0.532913
0.547248
0.542039
0.54075
0.552702
0.552295
0.536596
0.561289
0.556133
0.542726
0.573755
0.568667
0.564346
0.593609
0.553101
0.553397
0.549765
0.557733
0.542817
0.543126
0.592291
0.572926
0.572519
0.570322
0.55096
0.566052
0.57865
0.570092
0.563535
0.575596
0.557524
0.547394
0.561248
0.566064
0.575478
0.560911
0.546172
0.557668
0.575186
0.568775
0.561964
0.562466
0.567601
0.562409
0.5665
0.543153
0.579214
0.572076
0.565073
0.569791
0.582227
0.57299
0.565788
0.574186
0.581003
0.59568
0.56063
0.573887
0.561383
0.573322
0.60444
0.542924
0.565186
0.551487
0.568264
0.566511
0.556917
0.557321
0.557073
0.55628
0.570219
0.55438
0.56086
0.565411
0.566311
0.576824
0.570399
0.552587
0.59021
0.596816
0.540325
0.575233
0.53651
0.556109
0.580879
0.556496
0.562428
0.553554
0.572982
0.565221
0.543916
0.554793
0.571758
0.581405
0.577256
0.564877
0.578088
0.564432
0.57902
0.55986
0.553927
0.561214
0.589103
0.562515
0.562614
0.585375
0.562761
0.574009
0.58283
0.569159
0.580707
0.567752
0.568732
0.55279
0.57677
0.56792
0.575123
0.58594
0.573713
0.578274
0.557025
0.541629
0.588884
0.571931
0.550016
0.559345
0.548509
0.586992
0.547024
0.538768
0.556009
0.547413
0.561771
0.568953
0.566905
0.560667
0.572205
0.548882
0.572567
0.560053
0.571332
0.569661
0.579188
0.552893
0.571855
0.572012
0.552055
0.563852
0.558502
0.546751
0.552762
0.565196
0.546178
0.577804
0.562277
0.575134
0.556539
0.564501
0.568108
0.575073
0.592878
0.57345
0.553694
0.545582
0.567541
0.550835
0.57391
0.569877
0.562143
0.601654
0.562399
0.586255
0.582372
0.590321
0.565786
0.56495
0.590356
0.54682
0.586461
0.570927
0.592288
0.566514
0.540889
0.581039
0.578059
0.57303
0.545421
0.588691
0.565358
0.570533
0.560125
0.552527
0.560384
0.568527
0.571041
0.57919
0.544445
0.547549
0.579778
0.558756
0.539684
0.574239
0.544132
0.550797
0.539483
0.564519
0.548068
0.551549
0.574171
0.585159
0.575749
0.546652
0.5935
0.551419
0.547816
0.582201
0.55025
0.571975
0.585587
0.556978
0.545143
0.574276
0.544057
0.569611
0.550844
0.530972
0.576813
0.572159
0.577695
0.560597
0.57455
0.549736
0.565657
0.566138
0.594233
0.57113
0.549572
0.572715
0.578057
0.566527
0.550885
0.534798
0.551494
0.548206
0.579153
0.571557
0.579675
0.545649
0.55745
0.567461
0.548976
0.562544
0.568102
0.571972
0.540863
0.57194
0.573398
0.55705
0.536487
0.571694
0.559625
0.566157
0.559584
0.535085
0.560353
0.55811
0.546389
0.55784
0.560263
0.591473
0.563656
0.562513
0.582229
0.563564
0.556005
0.572932
0.563543
0.553262
0.540194
0.581901
0.552976
0.555728
0.583716
0.585252
0.568877
0.557606
0.591601
0.570697
0.575605
0.582544
0.561789
0.526951
0.603465
0.556067
0.551314
0.561922
0.560031
0.558091
0.547186
0.55345
0.586805
0.557116
0.561732
0.562698
0.598393
0.581195
0.573265
0.557979
0.573166
0.578543
0.564355
0.55904
0.550528
0.552126
0.570502
0.577957
0.570095
0.579034
0.588994
0.582088
0.578284
0.570158
0.565923
0.567082
0.555185
0.530771
0.57531
0.575436
0.553163
1.08358
1.0768
1.0919
1.11246
1.12024
1.0998
1.09835
1.10853
1.08767
1.09743
1.0873
1.10218
1.07415
1.0827
1.11752
1.09998
1.092
1.11444
1.16274
1.09501
1.10993
1.10342
1.07357
1.07562
1.111
1.07378
1.0976
1.098
1.11093
1.07429
1.09061
1.10231
1.125
1.09092
1.11148
1.11386
1.10693
1.08655
1.13121
1.10292
1.12393
1.11293
1.12563
1.13247
1.06748
1.12388
1.10996
1.11429
1.09712
1.0995
1.11037
1.11143
1.0857
1.12563
1.13247
1.06748
1.12388
1.10996
1.11429
1.09712
1.0995
1.11037
1.11143
1.0857
1.12563
1.13247
1.06748
1.12388
1.10996
1.11429
1.09712
1.0995
1.11037
1.11143
1.0857
1.12563
1.13247
1.06748
1.12388
1.10996
1.11429
1.09712
1.0995
1.11037
1.11143
1.0857
1.12563
1.13247
1.06748
1.12388
1.10996
1.11429
1.09712
1.0995
1.11037
1.11143
1.0857
1.12563
1.13247
1.06748
1.12388
1.10996
1.11429
1.09712
1.0995
1.11037
1.11143
1.0857
1.18681
1.21026
1.22245
1.18519
1.23279
1.20024
1.19304
1.25988
1.2345
1.21893
1.20997
1.21561
1.23124
1.19533
1.21357
1.21405
1.19764
1.21402
1.23532
1.20947
1.23317
1.21514
1.21428
1.22182
1.20803
1.24999
1.18736
1.24004
1.21113
1.20844
1.21567
1.21099
1.22401
1.20721
1.20999
1.21514
1.20051
1.20078
1.20927
1.21305
1.21242
1.21936
1.20196
1.23961
1.18805
1.2207
1.21468
1.22586
1.21327
1.22387
1.18642
1.22316
1.21284
1.20421
1.23935
1.20369
1.18705
1.19547
1.21367
1.21788
1.2446
1.221
1.20476
1.17406
1.20638
1.23259
1.23028
1.20504
1.20692
1.19236
1.21406
1.19009
1.22433
1.20085
1.20067
1.21616
1.20487
1.20122
1.1948
1.241
1.22014
1.19049
1.18985
1.21326
1.19118
1.19429
1.18347
1.2003
1.23204
1.18748
1.21852
1.18559
1.21144
1.08637
1.1128
1.13085
1.14301
1.08432
1.13815
1.10859
1.10337
1.08678
1.11987
1.09672
1.10821
1.08637
1.1128
1.13085
1.14301
1.08432
1.13815
1.10859
1.10337
1.08678
1.11987
1.09672
1.10821
1.08637
1.1128
1.13085
1.14301
1.08432
1.13815
1.10859
1.10337
1.08678
1.11987
1.09672
1.08637
1.1128
1.13085
1.14301
1.08432
1.13815
1.10859
1.10337
1.08678
1.11987
1.09672
1.08637
1.1128
1.13085
1.14301
1.08432
1.13815
1.10859
1.10337
1.08678
1.11987
1.09672
1.08637
1.08637
1.1128
1.13085
1.14301
1.08432
1.13815
1.10859
1.10337
1.08678
1.11987
1.09672
1.08637
1.1128
1.13085
1.14301
1.08432
1.13815
1.10859
1.10337
1.08678
1.11987
1.09672
1.08637
1.1128
1.08637
1.1128
1.13085
1.14301
1.08432
1.13815
1.10859
1.10337
1.08678
1.11987
1.09672
1.18681
1.21026
1.22245
1.18519
1.23279
1.20024
1.19304
1.25988
1.2345
1.21893
1.20997
1.21561
1.23124
1.19533
1.21357
1.21405
1.19764
1.21402
1.23532
1.20947
1.23317
1.21514
1.21428
1.22182
1.20803
1.24999
1.18736
1.24004
1.21113
1.20844
1.21567
1.21099
1.22401
1.20721
1.20999
1.21514
1.20051
1.20078
1.18681
1.19958
1.18681
1.18681
1.18681
1.18681
1.20143
1.21653
1.21258
1.18681
1.18681
1.18681
1.18681
1.18681
1.18681
1.18681
1.18681
1.18681
1.18681
1.18681
1.18681
1.18681
1.18681
1.18681
1.18681
1.18681
1.18681
1.18681
1.18681
1.18681
1.18681
1.18681
1.18681
1.18681
1.18681
1.18681
1.18681
1.18681
1.18681
1.18681
1.18681
1.19459
1.18681
1.2161
1.20541
1.18681
1.21498
1.18681
1.18681
1.18681
1.18681
1.18681
1.18681
1.18681
1.18681
1.18681
1.18681
1.18681
1.18681
1.18681
1.18681
1.18681
1.18681
1.18681
1.18681
1.22522
1.18681
1.18681
1.18681
1.18681
1.18681
1.18681
1.18681
1.18681
1.18681
1.18681
1.18681
1.18681
1.18681
1.18681
1.18681
1.18681
1.18681
1.18681
1.18681
1.18681
1.13826
1.13989
1.15102
1.15141
1.23631
1.14852
1.14051
1.13044
1.24403
1.19701
1.19846
1.22605
1.13899
1.21158
1.21957
1.19611
1.1931
1.20593
1.19022
1.18631
1.19954
1.21072
1.28034
1.1533
1.14742
1.1348
1.18304
1.12702
1.15258
1.14852
1.15022
1.1639
1.14156
1.14484
1.14026
1.14827
1.12676
1.14541
1.13801
1.13113
1.14364
1.12918
1.1196
1.15382
1.14308
1.18594
1.12926
1.12713
1.16902
1.13222
1.136
1.1561
1.16245
1.16501
1.16593
1.13906
1.14758
1.14806
1.16168
1.13141
1.16066
1.13922
1.15969
1.17586
1.13556
1.17508
1.12206
1.15569
1.15372
1.13907
1.1598
1.14328
1.11038
1.11891
1.15907
1.15234
1.1338
1.12601
1.16
1.13786
1.13128
1.14965
1.163
1.15326
1.13802
1.19734
1.15264
1.15114
1.1534
1.16577
1.10932
1.14025
1.13747
1.15708
1.15293
1.19205
1.14292
1.12775
1.16197
1.1742
1.14521
1.16029
1.15153
1.14431
1.12054
1.16155
1.12072
1.15974
1.13561
1.16414
1.1404
1.18732
1.11826
1.11889
1.1189
1.16553
1.11926
1.16303
1.16309
1.14688
1.12524
1.17013
1.1405
1.13364
1.14529
1.14201
1.17181
1.18165
1.15769
1.15446
1.15845
1.13401
1.1531
1.17542
1.15799
1.1785
1.15532
1.15544
1.16717
1.16706
1.18083
1.16694
1.16811
1.1486
1.15714
1.16258
1.1437
1.13888
1.19362
1.16514
1.17842
1.17948
1.16771
1.15072
1.1494
1.15434
1.1722
1.18129
1.17558
1.16955
1.14365
1.15868
1.14316
1.15916
1.13586
1.14759
1.16912
1.15315
1.14597
1.15726
1.18427
1.16041
1.17495
1.13318
1.15378
1.1459
1.16566
1.17285
1.1233
1.15506
1.14521
1.16593
1.14762
1.17117
1.15458
1.18184
1.16886
1.16539
1.12677
1.18756
1.15445
1.2064
1.17233
1.1644
1.15878
1.1431
1.16406
1.1497
1.17427
1.15735
1.15924
1.13298
1.15486
1.16689
1.1708
1.16128
1.14986
1.15195
1.14754
1.16354
1.167
1.16029
1.13812
1.17356
1.1558
1.17229
1.14236
1.16613
1.15453
1.15253
1.16728
1.15314
1.16772
1.18431
1.18474
1.13037
1.18937
1.1718
1.16653
1.16441
1.17127
1.1743
1.17991
1.1725
1.13504
1.16164
1.16178
1.14935
1.15974
1.13613
1.14228
1.16445
1.14818
1.1569
1.17299
1.17251
1.14739
1.16605
1.11327
1.14914
1.14206
1.14526
1.13997
1.18073
1.1783
1.14917
1.144
1.16149
1.17306
1.15501
1.15849
1.18401
1.15384
1.16385
1.17873
1.17125
1.16647
1.16022
1.18156
1.14587
1.14882
1.15035
1.14612
1.15358
1.14757
1.17074
1.14161
1.16422
1.21288
1.16324
1.14181
1.17341
1.16249
1.14451
1.15935
1.17174
1.15327
1.15702
1.18722
1.15968
1.13516
1.15653
1.15859
1.17964
1.15808
1.16289
1.15652
1.17417
1.1576
1.17036
1.16053
1.14512
1.13615
1.14108
1.15171
1.15675
1.14377
1.14114
1.17976
1.15145
1.15772
1.16178
1.14237
1.1603
1.14523
1.16447
1.15087
1.15795
1.14896
1.15279
1.14914
1.15926
1.17449
1.17462
1.1577
1.1552
1.15486
1.16831
1.15299
1.15492
1.16385
1.15378
1.18771
1.14206
1.14957
1.14566
1.15121
1.18049
1.16088
1.15276
1.19697
1.17953
1.16055
1.17013
1.17151
1.14529
1.17896
1.14837
1.18737
1.14817
1.17831
1.15016
1.16957
1.16234
1.17447
1.15102
1.16041
1.15882
1.16274
1.13947
1.17447
1.14747
1.18975
1.15296
1.14785
1.14561
1.16671
1.17027
1.12946
1.15448
1.15426
1.13581
1.17038
1.14972
1.16638
1.15216
1.15557
1.15502
1.13344
1.16797
1.13672
1.1352
1.17109
1.15333
1.14201
1.141
1.16257
1.15346
1.15462
1.15571
1.14877
1.14176
1.14247
1.1501
1.15591
1.14769
1.15512
1.15089
1.15219
1.16087
1.15363
1.15635
1.14269
1.1641
1.14156
1.1611
1.16477
1.18876
1.15156
1.15743
1.16433
1.14047
1.1481
1.17411
1.15028
1.15583
1.16456
1.16626
1.14885
1.14468
1.12148
1.16714
1.15318
1.18293
1.13571
1.15692
1.15392
1.15528
1.16967
1.17921
1.14278
1.15819
1.17191
1.16435
1.16016
1.1911
1.16296
1.17397
1.15616
1.1462
1.1599
1.15081
1.15851
1.16292
1.14441
1.1721
1.15781
1.11342
1.13302
1.15948
1.13629
1.18185
1.16205
1.17983
1.15852
1.17197
1.16894
1.15685
1.17178
1.14374
1.1627
1.14198
1.17262
1.13361
1.1503
1.17207
1.15388
1.16299
1.16783
1.15172
1.14788
1.19526
1.18594
1.16605
1.16082
1.14234
1.16105
1.14962
1.18198
1.1376
1.14543
1.16956
1.15593
1.16018
1.16991
1.1369
1.14642
1.17488
1.15371
1.1692
1.16738
1.14612
1.17567
1.17709
1.15335
1.17123
1.18008
1.15997
1.14623
1.14721
1.15422
1.12127
1.13664
1.16906
1.17405
1.16635
1.14931
1.16096
1.15722
1.10708
1.17846
1.15023
1.18185
1.15083
1.1703
1.18789
1.14817
1.1326
1.16484
1.15223
1.14716
1.15885
1.17911
1.1323
1.16213
1.15292
1.15376
1.13357
1.1665
1.14527
1.15313
1.16312
1.16368
1.17768
1.14555
1.14109
1.15751
1.15631
1.15407
1.13993
1.21414
1.19067
1.17376
1.18094
1.17297
1.17194
1.16971
1.18546
1.19843
1.21131
1.21587
1.20481
1.19298
1.22036
1.18566
1.1654
1.16456
1.20699
1.16989
1.17023
1.20346
1.18675
1.19399
1.15513
1.16697
1.20721
1.17658
1.18166
1.18306
1.18673
1.1956
1.15783
1.1726
1.23775
1.20001
1.16825
1.17859
1.20989
1.2132
1.18338
1.19913
1.20189
1.19932
1.16707
1.1861
1.15762
1.14706
1.1742
1.19133
1.193
1.20763
1.16752
1.18308
1.16428
1.17142
1.21048
1.19431
1.18685
1.19131
1.19658
1.19069
1.20697
1.17331
1.16054
1.15497
1.19069
1.18468
1.18318
1.17759
1.1829
1.16361
1.18376
1.17736
1.18943
1.19688
1.18629
1.16471
1.1817
1.20087
1.16499
1.20685
1.19142
1.18239
1.18211
1.18851
1.16984
1.22052
1.22513
1.18059
1.2102
1.17554
1.16045
1.20698
1.21263
1.16019
1.20137
1.2256
1.17729
1.20109
1.16692
1.14805
1.17185
1.1488
1.16112
1.12902
1.16696
1.06357
1.09277
1.11281
1.08865
1.10238
1.09223
1.1109
1.08952
1.07894
1.1035
1.08516
1.06027
1.10311
1.0982
1.09908
1.10929
1.0914
1.10475
1.11397
1.07513
1.12255
1.06169
1.09254
1.08279
1.08266
1.07372
1.10365
1.0992
1.09994
1.0936
1.1199
1.1084
1.10056
1.0976
1.08605
1.10655
1.08233
1.08533
1.06393
1.08528
1.08713
1.09976
1.07293
1.10844
1.06297
1.09522
1.10459
1.10681
1.07352
1.11248
1.10192
1.06684
1.10935
1.11804
1.09579
1.10197
1.08121
1.08602
1.04772
1.09633
1.08332
1.09549
1.08745
1.091
1.0762
1.08915
1.09476
1.09268
1.08547
1.1077
1.09563
1.11304
1.08104
1.1022
1.094
1.12558
1.07618
1.1103
1.09946
1.1091
1.11194
1.09781
1.12234
1.09214
1.11674
1.10189
1.079
1.05177
1.097
1.14192
1.08403
1.10036
1.09977
1.11072
1.0907
1.07421
1.11593
1.11903
1.09789
1.1001
1.0893
1.06723
1.10232
1.1022
1.11864
1.09756
1.11319
1.10209
1.08025
1.10232
1.15056
1.13458
1.11995
1.08181
1.11577
1.11589
1.12028
1.12135
1.08893
1.09947
1.07875
1.1009
1.09726
1.1038
1.06375
1.14093
1.10177
1.1089
1.11136
1.11065
1.0929
1.08571
1.16647
1.10707
1.07909
1.11574
1.12448
1.13216
1.06239
1.09918
1.12061
1.0905
1.12318
1.0984
1.08256
1.10783
1.11048
1.08203
1.10877
1.1143
1.062
1.07672
1.11038
1.10613
1.10825
1.12138
1.10289
1.1163
1.09548
1.10079
1.10049
1.10185
1.12491
1.10866
1.10616
1.11034
1.11652
1.1274
1.07956
1.12285
1.11373
1.09664
1.14513
1.1147
1.12213
1.12833
1.08881
1.10326
1.09873
1.10114
1.08455
1.1166
1.11339
1.13387
1.12928
1.14204
1.1412
1.1203
1.10329
1.11954
1.11874
1.11835
1.09078
1.11991
1.10911
1.10036
1.12285
1.12702
1.07296
1.12078
1.09731
1.11321
1.10118
1.09084
1.11694
1.10312
1.09109
1.12529
1.11406
1.11316
1.11524
1.09402
1.11251
1.10992
1.09788
1.11701
1.08376
1.08042
1.09657
1.11616
1.1265
1.10851
1.11483
1.10224
1.08904
1.13098
1.09309
1.11708
1.0946
1.083
1.1323
1.09836
1.10091
1.07887
1.10004
1.10688
1.10467
1.11312
1.09637
1.11882
1.10192
1.10936
1.07793
1.11929
1.08911
1.11812
1.10668
1.11523
1.11657
1.11158
1.11546
1.10085
1.10696
1.10422
1.1041
1.06848
1.12606
1.12206
1.11353
1.09141
1.12577
1.09132
1.10994
1.12178
1.13823
1.11417
1.09869
1.10971
1.10013
1.11441
1.11639
1.11973
1.08848
1.09399
1.12968
1.11669
1.07777
1.10932
1.08751
1.08821
1.12411
1.09713
1.11525
1.09797
1.11831
1.0973
1.09573
1.09486
1.15267
1.09887
1.11398
1.11726
1.108
1.10164
1.09047
1.06748
1.1331
1.11252
1.12898
1.11193
1.08982
1.11775
1.10607
1.15594
1.07549
1.07002
1.10546
1.11579
1.13123
1.0963
1.10232
1.10549
1.09081
1.08131
1.07817
1.09608
1.0879
1.09917
1.08586
1.0759
1.09788
1.07072
1.08461
1.09698
1.10102
1.08422
1.11748
1.07783
1.07018
1.09897
1.08663
1.08368
1.06333
1.08178
1.08935
1.08001
1.08697
1.0611
1.08063
1.08144
1.06207
1.08665
1.08757
1.08834
1.06688
1.08414
1.09174
1.07359
1.08931
1.10187
1.07749
1.06917
1.08683
1.11753
1.08544
1.07414
1.114
1.1151
1.10681
1.11593
1.06344
1.13703
1.12058
1.07838
1.09207
1.07326
1.07591
1.09192
1.07831
1.09553
1.09668
1.10036
1.06101
1.07501
1.08885
1.0958
1.10946
1.10151
1.07844
1.10012
1.06809
1.08445
1.08909
1.08638
1.09672
1.06307
1.1112
1.07477
1.07217
1.10154
1.13294
1.07845
1.09576
1.11105
1.08155
1.07939
1.06347
1.06944
1.11584
1.10002
1.13085
1.12203
1.11067
1.09383
1.07894
1.06042
1.08508
1.12244
1.08823
1.10272
1.06832
1.11819
1.09402
1.11729
1.08789
1.10267
1.08493
1.07973
1.10011
1.24225
1.34464
1.34571
1.18688
1.19337
1.21869
1.21824
1.23686
1.03134
1.05919
1.12467
0.989742
0.994939
1.0344
0.997607
1.0065
0.979673
0.99002
0.979593
0.997163
1.03684
1.02076
0.978087
1.00828
0.99644
0.996082
1.01447
0.978171
1.05438
1.01151
0.996037
1.0162
0.98948
0.998148
0.995273
1.02395
1.02295
0.982986
0.997791
0.989306
1.00382
0.973232
1.04082
1.01488
0.982601
1.00997
0.987094
1.01723
1.00067
0.988605
0.994489
1.02531
1.03387
1.04228
0.993954
1.01631
1.00853
1.03647
0.95627
1.05424
0.988597
1.02151
0.953399
0.977683
0.992714
0.994402
1.02664
1.00996
1.00468
1.02096
0.967138
1.01301
1.00677
0.993157
1.02323
0.974676
1.03446
1.03108
0.991039
0.973361
1.00892
0.994495
1.05089
1.00553
1.0187
1.0027
0.968037
0.988819
0.988024
1.00092
1.06172
1.01183
0.997992
0.974393
1.01098
0.985425
1.01203
0.975307
0.983421
0.97909
0.994434
1.03541
0.994543
0.974701
1.02728
1.03072
0.9574
1.01951
1.04171
1.01731
1.02777
1.00194
1.03613
0.977763
1.00543
1.006
1.01347
1.01538
1.02859
1.00343
1.08477
1.01643
0.99039
1.03669
1.03387
1.01433
1.03756
1.03887
1.00553
1.02608
1.01164
1.00475
1.00139
1.02075
0.980379
1.02564
1.0153
1.01796
0.98475
1.01119
1.03022
1.04631
1.0339
1.02962
1.06477
1.03072
1.00584
1.04215
1.04125
1.02129
1.04325
1.00727
1.01417
1.01229
1.03067
1.02613
0.974126
0.991576
0.979303
1.04203
1.01037
1.00408
1.00561
0.992108
0.982498
0.975073
1.04681
1.00579
0.996955
1.01299
1.03313
1.06475
1.0379
1.00909
1.01556
1.03366
1.04966
0.991045
1.02748
1.03176
1.02732
1.00445
1.06063
1.01436
1.0433
0.991424
1.02988
0.998113
1.00463
1.00926
0.973651
1.0385
1.00841
0.998839
1.04513
0.995276
0.969439
0.996579
0.985179
1.02234
1.07937
1.01868
1.008
1.03318
1.02627
1.072
1.00627
1.01497
1.02731
0.986483
1.01047
1.01249
1.06193
1.03308
1.00304
0.99445
0.993923
1.01601
1.00941
1.045
0.996381
1.053
1.03323
1.00054
0.996592
1.03155
1.01346
1.00204
1.06681
1.06512
1.03529
1.00841
1.03366
1.00006
1.00923
1.00785
1.04423
1.00033
1.01894
0.990662
1.03943
1.03139
1.01544
1.01384
0.979145
1.10866
1.13433
1.12337
1.10814
1.16401
1.09737
1.08828
1.36568
1.33651
1.1298
1.1091
1.31911
1.33649
1.32256
1.40814
1.32413
1.32313
1.13741
1.08659
1.12814
1.10811
1.19383
1.00441
1.10451
1.14585
1.13969
0.996956
1.10245
1.02909
1.01876
1.32213
1.01651
0.91395
1.07334
1.05171
1.02672
1.05151
1.04817
1.09384
1.0631
1.06529
1.07679
1.01685
1.21499
1.19382
1.14382
1.20164
1.11449
1.11963
1.11738
1.09127
1.14302
1.11506
1.16512
1.12783
1.0868
1.10241
1.18264
1.1815
1.1815
1.1815
1.03855
1.02401
1.07605
1.06652
1.13239
1.13571
1.08511
1.02096
1.03657
0.995759
1.07556
1.06193
1.03713
1.04169
1.04385
0.96726
0.99534
1.03809
1.06798
1.1117
1.11968
1.06087
1.0848
1.10582
1.11525
1.16604
1.12729
1.13436
1.04802
1.16107
1.09522
1.03851
1.18362
1.11864
1.16108
1.166
1.12853
1.08387
1.09887
1.12729
1.09355
1.09265
1.09655
1.08704
1.09305
1.10559
1.10539
1.11731
1.10048
1.14195
1.10351
1.08286
1.10504
1.1118
1.09067
1.12822
1.10897
1.11704
1.08336
1.14459
1.08559
1.13109
1.10264
1.10763
1.10651
1.10199
1.10125
1.08968
1.15694
1.14211
1.12622
1.14386
1.07271
1.08864
1.12042
1.13204
1.08917
1.07631
1.09807
1.13084
1.09599
1.11655
1.09375
1.10554
1.09229
1.09021
1.08514
1.07493
1.10897
1.11431
1.07289
1.12163
1.10354
1.08086
1.11074
1.09996
1.09629
1.06492
1.11945
1.11347
1.13427
1.10445
1.08127
1.11693
1.07926
1.12573
1.12251
1.09517
1.1239
1.12595
1.11718
1.10383
1.0977
1.10568
1.11758
1.13345
1.09304
1.11603
1.07856
1.0902
1.09144
1.10653
1.09157
1.12694
1.12771
1.10097
1.1051
1.0961
1.11454
1.10454
1.07403
1.11027
1.11372
1.09741
1.10518
1.11989
1.0675
1.1108
1.03367
1.11529
1.05391
1.10836
1.042
1.03234
1.02961
1.0725
1.0063
1.05389
1.08851
1.03695
1.0566
1.02936
1.05094
1.0628
1.06014
1.06546
1.06567
1.06533
1.07489
1.05072
1.05465
1.04131
1.04988
1.06792
1.01622
1.04409
1.06747
1.07704
1.04447
1.07548
1.05317
1.08024
1.00623
1.03879
1.0263
1.06334
1.03853
1.0827
1.08029
1.05243
1.0714
1.03348
1.08767
1.03978
1.09035
1.0618
1.05472
1.03663
1.07901
1.05248
1.0925
1.089
1.02088
1.07782
1.09946
1.05722
1.05624
1.07704
1.06489
1.0536
1.03904
1.07519
1.05174
1.07829
1.05736
1.05344
1.05352
1.07087
1.07161
1.07222
1.08724
1.04753
1.05777
1.05231
1.04189
1.0601
1.02812
1.06914
1.06427
1.02179
0.999722
1.06648
1.05349
1.07374
1.0755
1.03048
1.10184
1.07388
1.05131
1.06839
1.0687
1.06395
1.05895
1.06186
1.06028
1.0861
1.07591
1.07302
1.07429
1.05561
1.06352
1.0886
1.04284
1.05714
1.05456
1.07128
1.0642
1.08
1.02702
1.05335
1.06679
1.03265
1.05374
1.04534
1.04745
1.04849
1.10514
1.045
1.04313
1.04805
1.06445
1.08333
1.09384
1.05025
1.04873
1.09349
1.01333
1.05643
1.06159
1.05893
1.04175
1.07706
1.04572
1.07951
1.09727
1.07516
1.08186
1.06974
1.08862
1.06254
1.05385
1.06357
1.0579
1.08478
1.04895
1.05586
1.01486
1.03777
1.09038
1.0625
1.05996
1.06906
1.06785
1.0391
1.08963
1.06122
1.04035
1.06311
1.03753
1.02616
1.06859
1.04998
1.02979
1.04892
1.06735
1.09827
1.09836
1.07357
1.04013
1.05285
1.05606
1.07261
1.08508
1.00046
1.07277
1.03968
1.06006
1.04612
1.06117
1.07653
1.05419
1.07849
1.0524
1.04239
1.05229
1.0595
1.09794
1.07524
1.01509
1.07171
1.09251
1.02616
1.06132
1.03544
1.07988
1.08396
1.04211
1.06012
1.05195
1.05856
1.06294
1.05811
1.04074
1.02854
1.03701
1.07139
1.06679
1.05806
1.06937
1.0486
1.00488
1.02067
1.06639
1.07639
1.0664
1.10455
1.05478
1.05438
1.05067
1.04182
1.02899
1.0484
1.04718
1.06221
1.03872
1.06124
1.07782
1.04439
1.06916
1.04352
1.06275
1.0493
1.05568
1.08072
1.04251
1.0705
1.02135
1.06489
1.03814
1.03136
1.0603
1.08388
1.07701
1.05763
1.0805
1.05231
1.03574
1.05249
1.03142
1.03127
1.05506
1.08568
1.05761
1.06936
1.08417
1.05849
1.06301
1.05693
1.03188
1.02299
1.03139
1.04748
1.05172
1.05861
1.05405
1.09775
1.07146
1.04549
1.06883
1.06291
1.02523
1.05075
1.07611
1.01119
1.07123
1.07364
1.06105
1.08782
1.04329
1.07111
1.07152
1.05919
1.03402
1.06965
1.04227
1.07479
1.05606
1.04
1.05586
1.05409
1.05393
1.10067
1.07195
1.07905
1.06504
1.06022
1.04518
1.07255
1.05906
1.13588
1.07153
1.03582
1.11661
1.1115
1.09121
1.08359
1.09881
1.09916
1.06285
1.11847
1.08758
1.09849
1.12882
1.09484
1.0879
1.10459
1.11094
1.10376
1.10413
1.13491
1.11622
1.1018
1.13215
1.09363
1.08359
1.08103
1.139
1.1281
1.0949
1.0898
1.10407
1.09012
1.09197
1.10875
1.10334
1.07182
1.1242
1.08765
1.0823
1.10633
1.11728
1.08944
1.11882
1.07946
1.09228
1.11498
1.07781
1.10003
1.10505
1.07647
1.11525
1.10416
1.08102
1.06965
1.12962
1.09652
1.06046
1.10978
1.09877
1.11389
1.07447
1.0808
1.08067
1.10929
1.11585
1.11305
1.08318
1.09281
1.13786
1.12003
1.09998
1.10517
1.10066
1.127
1.11064
1.09454
1.10372
1.09123
1.12069
1.0897
1.11001
1.05563
1.13339
1.09706
1.11476
1.11942
1.09457
1.08805
1.08865
1.08743
1.09046
1.0882
1.10883
1.0987
1.06953
1.08012
1.11254
1.12283
1.09532
1.08725
1.13182
1.15062
1.09379
1.12644
1.11139
1.08094
1.07682
1.11762
1.12505
1.14164
1.10845
1.09891
1.10094
1.11169
1.11293
1.11567
1.0957
1.09967
1.13467
1.08033
1.12495
1.08418
1.12629
1.06282
1.05752
1.04957
1.02624
1.04201
1.07149
1.06401
1.05593
1.04162
1.05606
1.06097
1.04803
1.07302
1.03669
1.04475
1.04204
1.09518
1.05259
1.03551
1.07265
1.03629
1.03685
1.07825
1.05454
1.04565
1.05629
1.07809
1.07181
1.08786
1.04928
1.07692
1.09541
1.06663
1.02728
1.03004
1.03521
1.03481
1.09423
1.07272
1.0446
1.06268
1.04944
1.07235
1.05211
1.04414
1.05801
1.05987
1.06889
1.06382
1.07737
1.03049
1.06562
1.05858
1.065
1.02714
1.04639
1.07732
1.0482
1.09079
1.07281
1.05674
1.09557
1.04071
1.04162
1.06762
1.08524
1.08406
1.05509
1.09793
1.0253
1.01771
1.05681
1.07717
1.05963
1.04373
1.05939
1.06105
1.09729
1.06797
1.04566
1.05224
1.04324
1.05224
1.08055
1.07731
1.02269
1.03064
1.05505
1.07095
1.03473
1.04137
1.05889
1.05355
1.04401
1.07088
1.08083
1.05998
1.04001
1.02988
1.05806
1.05273
1.0281
1.05745
1.05336
1.06154
1.06806
1.08274
1.0338
1.05422
1.02775
1.06983
1.036
1.0571
1.03547
1.05512
1.08502
1.06112
1.06104
1.04251
1.06798
1.05524
1.04099
1.06847
1.07706
1.07553
1.02469
1.06998
1.10782
1.07568
1.03844
1.08591
1.06154
1.04938
1.04835
1.02947
1.0779
1.07784
1.08728
1.06794
1.0731
1.0453
1.05047
1.01183
1.06088
1.06259
1.0601
1.04526
1.0637
1.03979
1.06574
1.05728
1.04662
1.05015
1.05577
1.0355
1.0752
1.05988
1.08794
1.08304
1.07296
1.08729
1.05758
1.07363
1.08067
1.04897
1.04324
1.04234
1.07498
1.07301
1.05708
1.06536
1.02587
1.06395
1.04852
1.08765
1.07219
1.06216
1.0487
1.02536
1.04673
1.04446
1.07238
1.07312
1.04945
1.05338
1.04863
1.03604
1.0667
1.06637
1.07414
1.08918
1.06681
1.04034
1.04309
1.08092
1.05036
1.03608
1.05251
1.04441
1.04064
1.06986
1.05477
1.04056
1.08088
1.11286
1.05909
1.07532
1.06328
1.04454
1.07304
1.06327
1.05151
1.06834
1.0551
1.07904
1.05044
1.0391
1.0345
1.05043
1.06354
1.03363
1.05663
1.07702
1.09826
1.02493
1.04744
1.06061
1.0539
1.06781
1.08592
1.0621
1.05853
1.05663
1.05846
1.045
1.06247
1.03787
1.04949
1.04125
1.03251
1.06361
1.06831
1.04724
1.07854
1.05223
1.07167
1.07929
1.03559
1.06202
1.06022
1.04333
1.05809
1.03946
1.05177
1.07167
1.04402
1.06625
1.05015
1.04723
1.03416
1.08613
1.10922
1.08179
1.09614
1.06322
1.04098
1.04907
1.05998
1.03619
1.06022
1.05584
1.03662
1.04898
1.08998
1.02775
1.0612
1.07856
1.06495
1.04241
1.08612
1.03656
1.04506
1.0719
1.09353
1.02986
1.07978
1.04804
1.05731
1.04247
1.06216
1.04317
1.03059
1.07179
1.04249
1.0636
1.08434
1.04238
1.01405
1.03149
1.05817
1.04393
1.05957
1.01956
1.07326
1.07249
1.06356
1.08961
1.08764
1.0605
1.0478
1.07077
1.057
1.0354
1.04865
1.04476
1.06452
1.05103
1.08445
1.04224
1.03817
1.0429
1.04268
1.03706
1.08433
1.0725
1.01972
1.05238
1.05488
1.07885
1.0631
1.02125
1.03589
1.07773
1.07381
1.05579
1.01973
1.05577
1.06146
1.07566
1.05121
1.04929
1.04017
1.07155
1.04187
1.09717
1.06264
1.09789
1.06661
1.09885
1.03173
1.08403
1.07217
1.06102
1.09494
1.03889
1.10521
1.02996
1.07808
1.07331
1.09743
1.06153
1.05553
1.06317
1.10098
1.08093
1.10431
1.0351
1.13879
1.04387
1.05751
1.06471
1.04676
1.04612
1.04605
1.06614
1.06388
1.02452
1.0869
1.05161
1.04536
1.0528
1.07075
1.07053
1.04542
1.07954
1.06184
1.08504
1.06373
1.0604
1.05498
1.06695
1.05029
1.05529
1.09432
1.05764
1.07071
1.07485
1.03921
1.05433
1.07492
1.17412
1.21515
1.12613
1.25357
1.16751
1.0638
1.20916
1.0362
1.13497
1.16137
1.0747
1.11374
1.09297
1.05146
1.14798
1.06411
1.05726
1.05198
1.06396
1.07522
1.05614
1.0725
1.05979
1.04795
1.01934
1.05019
1.03165
1.0743
1.06364
1.07652
1.0348
1.07843
1.0669
1.03443
1.05438
1.04678
1.05561
1.06546
1.06456
1.06684
1.07956
1.05583
1.05465
1.05886
1.05172
1.04561
1.06611
1.04347
1.05235
1.08859
1.06139
1.02248
1.04958
1.06461
1.04091
1.05333
1.07405
1.04652
1.04396
1.04558
1.05964
1.0589
1.05917
1.07179
1.04658
1.04893
1.08624
1.07371
1.06314
1.10531
1.0364
1.03302
1.07269
1.07581
1.03454
1.04
1.04648
1.05958
1.06746
1.01809
1.06611
1.06074
1.01971
1.04426
1.04086
1.07587
1.05003
1.04492
1.06107
1.06096
1.04637
1.04808
1.02037
1.05835
1.05171
1.07052
1.00512
1.07053
1.05332
1.05558
1.06441
1.05201
1.05948
1.06498
1.03383
1.07141
1.03946
1.08203
1.07483
1.04564
1.06491
1.07483
1.03352
1.11161
1.03254
1.05711
1.04956
1.04175
1.03669
1.0604
1.07325
1.08305
1.03744
1.10954
1.05561
1.05871
1.06756
1.05796
1.08019
1.06987
1.04407
1.0526
1.08863
1.00886
1.08104
1.08762
1.06958
1.06118
1.0643
1.08
1.0825
1.03759
1.03407
1.04381
1.07124
1.05089
1.09665
1.03804
1.05653
1.04005
1.05148
1.0454
1.07532
1.05206
1.06549
1.06513
1.07349
1.07032
1.05112
1.07153
1.02814
1.03091
1.04406
1.04809
1.08438
1.07692
1.05491
1.04157
1.07197
1.05737
1.10066
1.01968
1.05389
1.03245
1.06022
1.08317
1.03489
1.0871
1.09703
1.06344
1.07012
1.06022
1.04958
1.03901
1.03442
1.04759
1.03636
1.11107
1.04905
1.05454
1.05079
1.06
1.04883
1.04655
1.05042
1.05443
1.08207
1.06418
1.05389
1.03505
1.04052
1.06721
1.0747
1.0836
1.07568
1.00369
1.06225
1.0639
1.04339
1.03321
1.08588
1.06577
1.06183
1.04342
1.07327
1.07298
1.0703
1.09696
1.06137
1.07197
1.02992
1.0276
1.08987
1.07326
1.03448
1.08443
1.07593
1.07601
1.07796
1.08353
1.0868
1.09698
1.08251
1.0588
1.07927
1.02674
1.06618
1.07886
1.06697
1.08472
1.0587
1.02748
1.05461
1.05695
1.06439
1.04702
1.09403
1.09729
1.04147
1.08711
1.07806
1.07221
1.0588
1.03894
1.10014
1.08187
1.05988
1.0768
1.09327
1.09592
1.05758
1.09433
1.04289
1.06608
1.08645
1.05308
1.07767
1.06132
1.0405
1.03403
1.03317
1.05705
1.06818
1.02081
1.04404
1.08393
1.07067
1.07096
1.08044
1.03176
1.0298
1.06449
1.04675
1.01202
1.05287
1.06798
1.06113
1.08407
1.06664
1.04326
1.05707
1.05222
1.05642
1.04981
1.03619
1.09084
1.07398
1.05593
1.01513
1.08026
1.10088
1.03249
1.01434
1.06169
1.06811
1.11172
1.05289
1.07838
1.07197
1.06641
1.049
1.04681
1.06379
1.09263
1.05685
1.04738
1.04725
1.05166
1.0875
1.03329
1.04939
1.06029
1.06096
1.09872
1.02281
1.07205
1.08347
1.02778
1.08472
1.08233
1.0678
1.02756
1.06615
1.05734
1.03743
1.0455
1.08692
1.02681
1.05372
1.07789
1.05641
1.05604
1.05792
1.05777
1.04344
1.06541
1.06225
1.05421
1.06686
1.04245
1.05258
1.07411
1.05907
1.07601
1.06943
1.09608
1.05633
1.06301
1.08337
1.07365
1.05353
1.07508
1.08208
1.03175
1.05762
1.06188
1.07441
1.05469
1.04068
1.04283
1.07888
1.05796
1.0826
1.05755
1.02647
1.04512
1.09136
1.04522
1.05097
1.05912
1.08585
1.02533
1.03603
1.08658
1.05823
1.03905
1.06471
1.06662
1.05139
1.11263
1.04933
1.05769
1.0452
1.04829
1.04659
1.0797
1.05346
1.09002
1.04037
1.04882
1.04035
1.04854
1.05041
1.03005
1.07499
1.036
1.05936
1.05887
1.06611
1.0439
1.04378
1.0716
1.02026
1.04948
1.06125
1.06548
1.03501
1.04125
1.04648
1.05918
1.0936
1.04579
1.02537
1.04939
1.06842
1.02596
1.092
1.07394
1.06461
1.0482
1.07668
1.07637
1.08008
1.0621
1.07524
1.10164
1.08161
1.0572
1.0328
1.07618
1.0497
1.09039
1.08011
1.07116
1.03899
1.02948
1.05515
1.06678
1.07024
1.03352
1.04502
1.05803
1.06939
1.08985
1.06813
1.0662
1.06734
1.05713
1.07147
1.06136
1.05252
1.05904
1.07558
1.01365
1.05146
1.07891
1.08101
1.05911
1.08326
1.0704
1.06586
1.05778
1.09156
1.04474
1.03424
1.05305
1.07144
1.0765
1.05639
1.05867
1.07059
1.09571
1.04407
1.08564
1.05728
1.08172
1.07968
1.05355
1.05058
1.05206
1.04145
1.05282
1.04985
1.08624
1.03364
1.08556
1.07323
1.07011
1.05658
1.04395
1.07698
1.06215
1.08283
1.07
1.05166
1.02727
1.08271
1.04527
1.08428
1.07388
1.03821
1.02773
1.051
1.08676
1.06072
1.0693
1.05909
1.08863
1.09874
1.0794
1.08194
1.06552
1.03106
1.04891
1.07259
1.0517
1.02803
1.08213
1.0371
1.05782
1.07035
1.05669
1.07441
1.07205
1.04841
1.09005
1.03781
1.02882
1.07292
1.06503
1.07504
1.09414
1.0625
1.04557
1.03599
1.07413
1.05955
1.06431
1.0594
1.08507
1.09014
1.00484
1.10245
1.06544
1.07461
1.07511
1.0528
1.04535
1.05085
1.08329
1.05295
1.03085
1.06617
1.05306
1.07385
1.05471
1.05846
1.08697
1.06323
1.10383
1.05195
1.06938
1.08094
1.06959
1.02928
1.06979
1.02249
1.02762
1.03987
1.07211
1.07612
1.08462
1.07417
1.07113
1.04539
1.04809
1.06777
1.04823
1.03142
1.05977
1.07157
1.06706
1.06743
1.07615
1.02878
1.05532
1.0441
1.05804
1.07734
1.04565
1.05384
1.05782
1.04738
1.07617
1.09178
1.08289
1.05269
1.03925
1.06683
1.05076
1.05418
1.05344
1.08023
1.02791
1.02176
1.05642
1.03991
1.06204
1.06635
1.03801
1.08137
1.06218
1.09237
1.08776
1.0761
1.04875
1.04601
1.07362
1.07543
1.0627
1.06665
1.05403
1.03473
1.05625
1.03358
1.06194
1.03878
1.07171
1.03722
1.05656
1.08631
1.07315
1.08428
1.06317
1.07452
1.06092
1.07013
1.08155
1.05652
1.05658
1.06796
1.04507
1.05945
1.06879
1.08653
1.0579
1.05084
1.06341
1.06577
1.04827
1.07541
1.09366
1.06564
1.06547
1.08329
1.06293
1.07549
1.04335
1.04954
1.07324
1.05372
1.0396
1.07217
1.05911
1.03387
1.0613
1.0266
1.04707
1.08754
1.04711
1.0735
1.05143
1.03691
1.07844
1.10305
1.12374
1.05509
1.06812
1.06496
1.06444
1.03985
1.03571
1.02596
1.03294
1.06527
1.06429
1.0748
1.06426
1.03833
1.08548
1.04476
1.06831
1.03947
1.09189
1.02602
1.10399
1.06363
1.08074
1.05202
1.05399
1.09407
1.0599
1.09409
1.05349
1.08043
1.02526
1.06809
1.07798
1.05447
1.07089
1.02652
1.05294
1.04828
1.04557
1.07753
1.04487
1.05236
1.06479
1.05223
1.08718
1.06374
1.04649
1.08187
1.05804
1.05459
1.10703
1.03121
1.09708
1.07517
1.02733
1.10676
1.0495
1.04422
1.05416
1.08207
1.07603
1.06212
1.08325
1.02697
1.07126
1.05836
1.08606
1.0653
1.06619
1.05957
1.03802
1.08816
1.07814
1.06972
1.093
1.06106
1.05269
1.04544
1.06448
1.08597
1.0591
1.0632
1.0679
1.04122
1.07189
1.04716
1.03089
1.08268
1.02835
1.07239
1.0527
1.02165
1.09373
1.05374
1.05229
1.07442
1.07793
1.07891
1.03601
1.05774
1.05039
1.08952
1.12267
1.07399
1.09358
1.08863
1.07264
1.07007
1.04494
1.04878
1.07631
1.10382
1.06076
1.17102
1.09255
1.05567
1.11404
1.10198
1.09665
1.09778
1.03269
1.08622
1.07971
1.11379
1.11388
1.09294
1.22066
1.07317
1.10838
1.13161
1.09973
1.09074
1.08681
1.13763
1.12254
1.10737
1.13271
1.0903
1.09159
1.09216
1.07613
1.13149
1.12762
1.13329
1.15267
1.17864
1.08728
1.07188
1.07632
1.08424
1.10614
1.09814
1.07596
1.08728
1.10583
1.11053
1.09504
1.11342
1.11146
1.09603
1.11125
1.08718
1.07632
1.09614
1.07918
1.08541
1.1124
1.10829
1.07272
1.0884
1.10285
1.07573
1.12232
1.08383
1.1002
1.09591
1.06444
1.10988
1.07343
1.12631
1.1066
1.10163
1.10407
1.08816
1.13062
1.07671
1.07788
1.06829
1.10734
1.10083
1.1107
1.09473
1.09311
1.13184
1.10371
1.06506
1.1001
1.10009
1.07206
1.09822
1.10747
1.08477
1.07594
1.11031
1.09382
1.09157
1.10287
1.1021
1.10392
1.0981
1.10548
1.08188
1.11163
1.07602
1.10403
1.09946
1.11399
1.10556
1.10169
1.10015
1.07139
1.08615
1.12022
1.11805
1.08687
1.09897
1.09149
1.10517
1.10295
1.11192
1.09683
1.09564
1.08496
1.10563
1.1493
1.10539
1.12106
1.08599
1.10719
1.07747
1.10633
1.10138
1.09968
1.09064
1.11171
1.09325
1.08347
1.11981
1.07569
1.0818
1.11355
1.09309
1.06659
1.09882
1.11361
1.10365
1.09247
1.09568
1.09667
1.13057
1.09663
1.09417
1.09545
1.09042
1.09498
1.09653
1.10311
1.08061
1.08651
1.11917
1.06978
1.08975
1.10241
1.06289
1.09953
1.0738
1.0816
1.08259
1.09709
1.09596
1.0736
1.09603
1.07594
1.08659
1.07034
1.08572
1.07282
1.09259
1.08075
1.10376
1.10598
1.09105
1.08749
1.08269
1.09549
1.0846
1.08091
1.0902
1.10458
1.10861
1.12002
1.09627
1.11946
1.09132
1.08572
1.06113
1.10846
1.08498
1.09123
1.08818
1.11534
1.10347
1.07111
1.1205
1.11434
1.08554
1.09476
1.11067
1.07996
1.10172
1.08333
1.09591
1.09073
1.07222
1.08127
1.05617
1.07977
1.11033
1.07292
1.11266
1.11633
1.09205
1.06505
1.08122
1.12313
1.09073
1.0822
1.09001
1.07551
1.09036
1.0981
1.09287
1.10978
1.10313
1.1088
1.08864
1.09734
1.09955
1.08018
1.09949
1.10412
1.10949
1.08484
1.1143
1.07722
1.12215
1.12365
1.11383
1.08943
1.1281
1.14458
1.12599
1.07509
1.12355
1.09979
1.10761
1.10331
1.10715
1.08541
1.10129
1.07504
1.10069
1.11004
1.0901
1.08935
1.12278
1.09075
1.08702
1.07067
1.10153
1.11857
1.12424
1.08455
1.07617
1.08113
1.09499
1.11815
1.09607
1.09868
1.1147
1.11786
1.091
1.10865
1.10156
1.12251
1.13349
1.08638
1.09739
1.12216
1.08395
1.10214
1.11336
1.08631
1.0798
1.10855
1.08322
1.06191
1.07224
1.06852
1.08865
1.07856
1.07845
1.10568
1.08903
1.1353
1.09752
1.11468
1.10984
1.10471
1.10103
1.08726
1.07171
1.1101
1.09265
1.07776
1.09163
1.1444
1.13263
1.09819
1.11756
1.10738
1.08711
1.10452
1.10483
1.10631
1.09665
1.08135
1.10249
1.11738
1.08978
1.08205
1.09337
1.09563
1.12052
1.10116
1.08512
1.09423
1.07357
1.08831
1.11041
1.10034
1.06846
1.09133
1.12207
1.10047
1.0866
1.12112
1.11141
1.07565
1.10438
1.11304
1.08836
1.1106
1.10937
1.09049
1.0752
1.09804
1.08641
1.08783
1.11267
1.0727
1.10324
1.08628
1.09259
1.09969
1.10632
1.09603
1.08307
1.10262
1.10999
1.08529
1.09506
1.07761
1.10997
1.09924
1.09212
1.11934
1.08228
1.13678
1.07979
1.11159
1.08671
1.07804
1.12632
1.10476
1.10515
1.10409
1.1264
1.13311
1.08981
1.10383
1.11248
1.1327
1.11734
1.12595
1.12594
1.15017
1.15711
1.16111
1.13241
1.17614
1.23064
1.12696
1.1305
1.14648
1.12343
1.15637
1.11369
1.14868
1.10658
1.20949
1.12172
1.14821
1.1124
1.16837
1.12571
1.26157
1.11596
1.12396
1.14652
1.09209
1.18316
1.11387
1.14712
1.13592
1.1441
1.13986
1.15564
1.10822
1.17807
1.13327
1.1196
1.23597
1.15862
1.12026
1.1773
1.23231
1.1468
1.08658
1.12377
1.12178
1.13242
1.13951
1.14353
1.14322
1.17699
1.16474
1.16396
1.13667
1.13396
1.17658
1.12482
1.17639
1.15913
1.16699
1.12586
1.16539
1.11188
1.14273
1.16975
1.07619
1.08307
1.08362
1.10634
1.08755
1.07806
1.09497
1.0948
1.14817
1.07831
1.09143
1.10392
1.09679
1.11949
1.09998
1.0934
1.0816
1.11541
1.08945
1.07185
1.08146
1.10224
1.11197
1.09722
1.07138
1.11649
1.07526
1.10841
1.09316
1.08882
1.08062
1.09401
1.07822
1.13075
1.10015
1.1176
1.1123
1.09214
1.09287
1.09519
1.1084
1.08298
1.09815
1.12584
1.09522
1.08866
1.08034
1.12788
1.08082
1.13208
1.10773
1.08122
1.12599
1.08353
1.08461
1.11409
1.0952
1.11057
1.07373
1.13915
1.09264
1.05375
1.10384
1.09093
1.10418
1.09531
1.0826
1.06804
1.13632
1.09647
1.10337
1.09007
1.09359
1.10698
1.08184
1.12108
1.10342
1.12373
1.08949
1.12712
1.09654
1.10639
1.0969
1.08235
1.09063
1.09084
1.0979
1.13607
1.09744
1.09244
1.12565
1.09513
1.11092
1.08355
1.09729
1.12118
1.11478
1.08205
1.1204
1.12964
1.09754
1.10018
1.09425
1.10403
1.09282
1.08901
1.1058
1.11645
1.09043
1.12566
1.1048
1.09553
1.10832
1.06781
1.12496
1.11001
1.09725
1.07732
1.11889
1.10291
1.11022
1.07654
1.1065
1.08222
1.09019
1.09748
1.08066
1.11247
1.08833
1.06009
1.07034
1.1173
1.11035
1.091
1.07473
1.10699
1.07991
1.12509
1.08189
1.10061
1.06892
1.08149
1.07161
1.13925
1.09546
1.0929
1.08373
1.09049
1.09281
1.08233
1.10996
1.10725
1.1282
1.08382
1.11015
1.12934
1.08267
1.09945
1.102
1.08939
1.11304
1.11426
1.09489
1.09647
1.08754
1.0772
1.08537
1.09551
1.11843
1.08238
1.09019
1.09798
1.07681
1.09213
1.11629
1.09104
1.07388
1.10391
1.0889
1.12327
1.08764
1.08961
1.105
1.09151
1.09928
1.08137
1.10947
1.09107
1.06105
1.09309
1.09798
1.08704
1.10695
1.10876
1.10327
1.07484
1.0917
1.0992
1.10014
1.10372
1.12626
1.10163
1.08486
1.06824
1.08872
1.09403
1.09506
1.11629
1.09836
1.09765
1.10062
1.10146
1.13055
1.06917
1.09265
1.08436
1.08771
1.11338
1.0905
1.07518
1.07508
1.11826
1.09237
1.10476
1.08753
1.06279
1.09414
1.08219
1.1196
1.12313
1.05108
1.0956
1.09253
1.1122
1.11502
1.06618
1.11128
1.12395
1.11182
1.05933
1.06379
1.07709
1.1069
1.09727
1.09872
1.07996
1.09327
1.10432
1.07291
1.12796
1.12766
1.07306
1.08874
1.08339
1.09086
1.07602
1.10166
1.09531
1.08582
1.09545
1.08725
1.12565
1.09676
1.09717
1.11473
1.11837
1.10367
1.09333
1.0955
1.09995
1.07235
1.09099
1.10003
1.079
1.11195
1.08633
1.095
1.12424
1.09983
1.09355
1.11688
1.1217
1.0737
1.10983
1.08393
1.10002
1.09655
1.09046
1.11578
1.10837
1.08159
1.10388
1.13396
1.08037
1.11372
1.08169
1.10618
1.10052
1.07854
1.10722
1.11224
1.1159
1.08811
1.10182
1.11751
1.09282
1.07159
1.12032
1.07403
1.09448
1.09951
1.10661
1.10488
1.1241
1.07124
1.09159
1.08854
1.10182
1.08387
1.09747
1.11393
1.10313
1.08744
1.10267
1.12072
1.10495
1.05849
1.0849
1.08959
1.14602
1.12549
1.08964
1.07859
1.19226
1.09022
1.12772
1.05986
1.16748
1.12566
1.11113
1.11443
1.10809
1.12501
1.08187
1.10013
1.1169
1.10965
1.10898
1.14368
1.1411
1.08616
1.05805
1.1457
1.10694
1.07381
1.09076
1.15193
1.10525
1.22066
1.18096
1.12909
1.09314
1.11987
1.10561
1.13289
1.02719
1.12362
1.12806
1.12754
1.14477
1.09384
1.08326
1.18575
1.12575
1.10749
1.1799
1.10311
1.13933
1.09942
1.22016
1.1029
1.11451
1.05635
1.07786
1.09433
1.13705
1.16054
1.0962
1.09955
1.10464
1.13137
1.13723
1.14302
1.10888
1.1133
1.17251
1.08082
1.10556
1.10208
1.08868
1.15664
1.10973
1.06675
1.13277
1.14713
1.10036
1.10104
1.06313
1.10619
1.11087
1.11032
1.09434
1.12174
1.11525
1.09706
1.11144
1.10828
1.11587
1.04858
1.09499
1.0826
1.09238
1.11875
1.09465
1.08383
1.10923
1.1229
1.10996
1.14799
1.10895
1.09565
1.09438
1.07717
1.08261
1.09589
1.13044
1.09828
1.10407
1.07574
1.09892
1.11356
1.0817
1.14411
1.08586
1.10353
1.13732
1.07988
1.09727
1.13665
1.07632
1.09821
1.13156
1.09363
1.09895
1.08465
1.0855
1.09658
1.10227
1.11085
1.09665
1.12117
1.12372
1.11096
1.10564
1.10967
1.09911
1.10942
1.1213
1.09683
1.11381
1.08102
1.1102
1.07639
1.09864
1.09451
1.0983
1.12363
1.09863
1.11825
1.0616
1.05652
1.105
1.11349
1.09644
1.11949
1.12823
1.12141
1.11849
1.08153
1.06984
1.12314
1.1119
1.07785
1.08909
1.094
1.08852
1.10481
1.13666
1.09623
1.11466
1.10062
1.105
1.09681
1.07253
1.1099
1.09218
1.14445
1.14536
1.14478
1.09198
1.08433
1.13389
1.12677
1.11993
1.09986
1.10099
1.1069
1.10652
1.09807
1.1091
1.14784
1.12688
1.08077
1.1151
1.11729
1.11521
1.13869
1.11167
1.0944
1.10827
1.08873
1.11366
1.07345
1.06529
1.13212
1.08946
1.11091
1.12314
1.07935
1.12897
1.09413
1.1375
1.11744
1.07457
1.11049
1.11971
1.1266
1.08831
1.15755
1.12612
1.15797
1.10807
1.07364
1.08547
1.08484
1.09861
1.09924
1.1173
1.11909
1.08678
1.11325
1.0924
1.1156
1.07482
1.09512
1.10675
1.07278
1.09743
1.10868
1.13507
1.08839
1.08923
1.07733
1.08307
1.13977
1.09026
1.09154
1.11387
1.1125
1.09666
1.06863
1.08602
1.10705
1.0898
1.1075
1.08995
1.13822
1.04116
1.1209
1.14013
1.09688
1.04722
1.1013
1.09125
1.11309
1.11066
1.13031
1.09852
1.13236
1.10353
1.09654
1.09192
1.1171
1.07456
1.10031
1.05751
1.08119
1.10571
1.08555
1.11773
1.1075
1.07601
1.12392
1.10226
1.10409
1.07576
1.09428
1.10123
1.09036
1.15226
1.06191
1.10744
1.1537
1.06065
1.07404
1.07781
1.07444
1.10022
1.09816
1.08443
1.0611
1.07216
1.09456
1.09238
1.11102
1.1131
1.08728
1.08789
1.10442
1.14035
1.11838
1.09377
1.07976
1.1191
1.11563
1.07116
1.07302
1.09141
1.12808
1.11203
1.08017
1.12913
1.15254
1.16411
1.16404
1.10003
1.08769
1.07282
1.11637
1.09062
1.09737
1.12218
1.10965
1.12352
1.1028
1.11221
1.10628
1.12834
1.08827
1.09781
1.09048
1.08863
1.08017
1.07238
1.12997
1.08397
1.08543
1.08107
1.09047
1.14532
1.1483
1.14798
1.10256
1.09361
1.07689
1.13004
1.08006
1.09259
1.1129
1.11764
1.08706
1.12437
1.13421
1.10039
1.15065
1.09128
1.06824
1.10192
1.16443
1.08917
1.09471
1.09055
1.07995
1.07664
1.11806
1.11982
1.13167
1.12275
1.13701
1.09495
1.10287
1.09425
1.10105
1.08755
1.11333
1.12271
1.07255
1.12364
1.08369
1.13566
1.11468
1.09129
1.09845
1.11994
1.11252
1.08482
1.10092
1.13752
1.07447
1.09455
1.13438
1.10142
1.10784
1.16484
1.09224
1.18581
1.17118
1.14094
1.23951
1.10408
1.06294
1.1992
1.08353
1.04464
1.0967
1.12365
1.1142
1.06915
1.10321
1.08796
1.07128
1.14329
1.10248
1.12768
1.11299
1.06597
1.09799
1.05789
1.06531
1.07341
1.10014
1.18029
1.0935
1.10272
1.09255
1.15011
1.09028
1.06135
1.11063
1.11482
1.12353
1.13636
1.12642
1.13872
1.09287
1.14335
1.15718
1.21216
1.16056
1.13517
1.13373
1.09082
1.11657
1.08373
1.0999
1.10807
1.10151
1.07697
1.12613
1.05866
1.11756
1.1211
1.11739
1.11453
1.10406
1.06219
1.10837
1.06321
1.08399
1.10407
1.13233
1.08945
1.07742
1.09424
1.11035
1.08465
1.09409
1.0974
1.09368
1.06704
1.10466
1.09644
1.09521
1.1021
1.07947
1.08742
1.07238
1.1263
1.10608
1.1024
1.08006
1.06434
1.08417
1.11525
1.07663
1.09545
1.09985
1.12633
1.11398
1.09471
1.09902
1.11133
1.12672
1.06255
1.07148
1.10449
1.15191
1.08554
1.1192
1.10866
1.08345
1.09088
1.11109
1.08876
1.1178
1.07137
1.06199
1.09887
1.08232
1.11706
1.06677
1.07902
1.06418
1.07328
1.09574
1.0664
1.07846
1.09057
1.09082
1.0766
1.11031
1.0673
1.09502
1.08133
1.07293
1.08184
1.06556
1.11528
1.10056
1.07501
1.1086
1.05316
1.09611
1.09221
1.06744
1.13574
1.10513
1.1077
1.11727
1.06611
1.08934
1.11579
1.08152
1.08296
1.10965
1.11173
1.06942
1.086
1.11718
1.06089
1.11791
1.12542
1.08183
1.09359
1.09101
1.08558
1.10358
1.08161
1.1127
1.05016
1.07101
1.10421
1.09223
1.11018
1.10718
1.08549
1.05266
1.05539
1.10082
1.07376
1.11811
1.08783
1.10052
1.16689
1.11373
1.10328
1.1025
1.09961
1.07039
1.082
1.06961
1.07344
1.0767
1.08576
1.08826
1.11009
1.06566
1.10077
1.09429
1.09771
1.08162
1.06218
1.04283
1.09992
1.09519
1.15624
1.07914
1.09398
1.12128
1.08232
1.04993
1.0744
1.12883
1.06508
1.0244
1.066
1.06277
1.05787
1.08749
1.07652
1.03341
1.07474
1.07995
1.07437
1.10489
1.05644
1.05801
1.07312
1.0539
1.06033
1.10269
1.04929
1.04005
1.0489
1.03729
1.03979
1.04802
1.03759
1.08788
1.04719
1.07647
1.04812
1.10677
1.14436
1.06641
1.05193
1.08355
1.09781
1.05934
1.04681
1.02574
1.08877
1.08361
1.07445
1.0687
1.08328
1.06449
1.1332
1.03217
1.0681
1.05434
1.08543
1.10105
1.10343
1.05452
1.10691
1.03827
1.0548
1.04267
1.03112
1.14639
1.07141
1.04575
1.04986
1.05586
1.05486
1.04777
1.15709
1.09816
1.05998
1.09219
1.07572
1.06134
1.07485
1.07743
1.05586
1.05066
1.04707
1.10056
1.07762
1.06893
1.05309
1.07713
1.16584
1.1819
1.04173
1.07652
1.08264
1.07882
1.06826
1.07705
1.04882
1.09082
1.05082
1.06142
1.05876
1.05738
1.07229
1.0958
1.03218
1.0848
1.04462
1.06072
1.04863
1.12394
1.07567
1.07412
1.1221
1.0368
1.05899
1.09225
1.05973
1.06762
1.05892
1.16648
1.03149
1.06793
1.05208
1.06692
1.08815
1.06537
1.06846
1.05452
1.06608
1.06025
1.08757
1.01955
1.07827
1.04579
1.06672
1.05985
1.04405
1.09213
1.10295
1.08122
1.18142
1.11984
1.0801
1.04365
1.06351
1.0503
1.0433
1.15516
1.06679
1.02493
1.05187
1.08017
1.04792
1.03665
1.03337
1.09411
1.12579
1.10323
1.15099
1.1259
1.01416
1.05153
1.07452
1.05497
1.07288
1.09726
1.07123
1.05812
1.08415
1.08501
1.0802
1.11139
1.1044
1.05202
1.06492
1.07629
1.09076
1.05231
1.06331
1.07081
1.06919
1.17411
1.11138
1.12672
1.07326
1.1197
1.05588
1.05954
1.06562
1.11976
1.0514
1.07638
1.08047
1.08547
1.05837
1.05473
1.15901
1.07152
1.05577
1.10326
1.03175
1.09824
1.07299
1.04348
1.07195
1.09877
1.03825
1.06687
1.10015
1.14904
1.09204
1.13705
1.13898
1.12087
1.08279
1.0735
1.0873
1.10254
1.01486
1.07662
1.04581
1.08493
1.08587
1.06216
1.07665
1.12096
1.07213
1.04979
1.10338
1.07243
1.02712
1.0714
1.01682
1.1327
1.10992
1.09079
1.11172
1.04747
1.14482
1.17731
1.07496
1.15662
1.09954
1.12233
1.06229
1.0427
1.07665
1.02275
1.10317
1.11068
1.13762
1.04529
1.11985
1.0847
1.06464
1.06411
1.13295
1.08776
1.04306
1.06053
1.00701
1.08214
1.0189
1.0745
1.06015
1.11149
1.10708
1.13282
1.11325
1.05446
1.07175
1.10745
1.14836
1.12931
1.12121
1.1245
1.05569
1.07357
1.08441
1.09339
1.07024
1.03717
1.08072
1.13165
1.13
1.1046
1.01743
1.0549
1.05398
1.16319
1.03494
1.09228
1.05074
1.08666
1.06662
1.10779
1.00565
1.08763
1.10473
1.061
1.09767
1.06243
1.11095
1.08657
1.12588
1.10352
1.12546
1.12914
1.12616
1.06251
1.054
1.04181
1.05648
1.04455
1.0273
1.03566
1.03566
1.01443
1.0753
1.05243
1.05723
1.0415
1.06003
1.06189
1.05845
1.03863
1.07641
1.04622
1.0853
1.02447
1.00113
1.03372
1.05746
1.06177
1.03985
1.0557
0.996132
1.02792
0.99269
1.0214
0.988825
1.01961
1.05224
1.01936
1.03248
1.03503
1.00306
1.0183
1.03915
0.971336
1.07387
1.08574
1.18143
1.15499
1.15132
1.15136
1.14453
1.12462
1.14574
1.14756
1.07052
1.04915
1.07362
1.07362
1.07362
1.07362
1.07362
1.07362
1.07362
1.11142
1.11142
1.11142
1.07362
1.05741
1.05741
1.07362
1.05741
1.05741
1.05741
1.05741
1.05741
1.05741
1.05741
1.05741
1.05741
1.05741
1.05741
1.05741
1.05741
1.05741
1.05741
1.05741
1.05741
1.05741
1.05741
1.05741
1.05741
1.05741
1.05741
1.05741
1.05741
1.05741
1.05741
1.05741
1.05741
1.05741
1.05741
1.05741
1.05741
1.05741
1.05741
1.05741
1.05741
1.05741
1.05741
1.05741
1.05741
1.05741
1.05741
1.05741
1.05741
1.05741
1.05741
1.05741
1.05741
1.05741
1.05741
1.05741
1.05741
1.05741
1.05741
1.05741
1.05741
1.05741
1.05741
1.05741
1.05741
1.05741
1.05741
1.05741
1.05741
1.05741
1.05741
1.05741
1.06723
1.09142
1.09179
1.09179
1.09179
1.11969
1.12476
1.09179
1.09682
1.09179
1.12603
1.09084
1.09084
1.09084
1.18939
1.23535
1.11047
1.23492
0.978806
0.975396
0.943821
0.990317
1.00557
0.97425
0.979615
0.912616
0.999648
0.993376
1.01616
1.18534
1.17572
1.18253
1.18034
1.18034
1.18034
1.18034
1.18034
1.18034
1.18034
1.17185
1.17185
1.17185
1.17185
1.17185
1.17185
1.17185
1.17185
1.12174
1.12174
1.23434
1.23434
1.12174
1.23434
1.1735
1.1735
1.17924
1.18057
1.18388
1.18388
1.18388
1.18388
1.16721
1.18392
1.18392
1.18392
1.18392
1.18392
1.29149
1.20925
1.20009
1.12173
1.1773
1.18828
1.18828
1.18828
1.18828
1.18828
1.16277
1.16277
1.16277
1.17711
1.17711
1.17711
1.17711
1.17711
1.16576
1.07566
1.13129
1.19312
1.03729
1.04623
1.1891
1.17751
1.16236
1.19518
1.04503
1.06488
1.00651
1.04666
1.08113
1.10036
1.17884
1.11527
1.07356
1.08414
1.00335
1.13414
1.15535
1.1562
1.04842
1.10979
1.11301
1.13981
1.11798
1.08043
1.11905
1.11647
1.10939
1.09348
1.11696
1.06895
1.11188
1.1072
1.12116
1.09031
1.06549
1.07288
1.04607
1.05343
1.12071
1.02146
1.16573
1.24228
1.0687
0.930992
0.964801
0.920481
0.806596
0.908551
0.979977
0.986193
0.913468
1.00379
1.06185
1.12908
1.33359
1.33469
1.27033
1.12422
1.15934
1.13149
1.16199
1.23011
1.10483
1.09983
2.11384
2.37658
2.19238
1.10658
1.25225
1.18222
1.2587
1.19761
1.24971
0.934504
1.22798
1.26338
1.10014
1.11603
0.852397
1.10539
1.25826
1.23989
1.11275
1.25179
1.12559
1.1326
1.25762
1.28414
1.29098
1.27298
1.26719
1.28831
1.29459
1.10544
1.16078
0.990464
1.2916
1.2788
1.23163
1.23772
1.25036
1.2428
1.29628
1.3423
1.09807
1.17925
1.2644
1.28611
1.2813
1.17992
1.05376
1.1679
0.871638
1.11103
1.02687
0.998844
1.0189
1.08749
1.0694
1.09486
1.12174
1.02086
1.11773
1.06863
1.07825
1.12174
1.08749
1.12203
1.0281
1.04864
1.08927
1.05145
1.06564
1.11516
1.08716
1.33704
1.33581
1.33006
1.16981
1.21763
1.04475
1.0751
1.09462
1.08462
1.10931
1.0852
1.05024
1.18345
1.1953
1.1781
1.17171
1.18941
1.18477
1.15734
1.20471
1.34274
1.33091
1.21349
1.30565
1.30994
1.22351
1.2029
1.15114
1.13023
1.15323
1.14238
1.34411
1.3651
1.39004
1.37655
1.23844
1.34408
1.04309
1.06073
0.987583
1.20453
1.22975
1.33687
0.922741
0.874415
0.945826
1.01546
1.15706
1.00641
1.20037
1.14195
1.06384
1.15465
1.11428
1.13753
1.16612
1.07154
1.16801
0.917994
1.21185
0.969525
0.973569
1.25013
1.13783
1.17035
1.19067
1.16225
1.1426
1.14435
1.17246
1.29459
1.22314
1.23557
1.12751
1.30916
1.23848
1.207
1.188
1.20731
1.14948
1.11056
1.18616
1.09722
1.21003
1.20277
1.23815
1.2147
