0.00623051
0.0124222
0.0185753
0.0246901
0.0307668
0.0368056
0.0428068
0.0487706
0.0546972
0.0605869
0.06644
0.0722565
0.0780368
0.0837811
0.0894896
0.0951626
0.1008
0.106403
0.11197
0.117503
0.123002
0.128466
0.133896
0.139292
0.144655
0.149984
0.15528
0.160543
0.165773
0.170971
0.176136
0.181269
0.18637
0.19144
0.196477
0.201484
0.206459
0.211403
0.216316
0.221199
0.226052
0.230874
0.235666
0.240428
0.24516
0.249863
0.254537
0.259182
0.263797
0.268384
0.272943
0.277473
0.281974
0.286448
0.290894
0.295312
0.299702
0.304066
0.308402
0.312711
0.316993
0.321248
0.325477
0.32968
0.333856
0.338007
0.342131
0.34623
0.350304
0.354351
0.358374
0.362372
0.366345
0.370293
0.374216
0.378115
0.38199
0.38584
0.389667
0.393469
0.397248
0.401004
0.404736
0.408445
0.41213
0.415793
0.419433
0.42305
0.426645
0.430217
0.433767
0.437295
0.440801
0.444285
0.447748
0.451188
0.454608
0.458006
0.461383
0.464739
0.468074
0.471388
0.474681
0.477954
0.481207
0.484439
0.487651
0.490844
0.494016
0.497168
0.500301
0.503415
0.506509
0.509583
0.512639
0.515675
0.518693
0.521692
0.524672
0.527633
0.530577
0.533501
0.536408
0.539296
0.542167
0.545019
0.547854
0.550671
0.553471
0.556253
0.559017
0.561765
0.564495
0.567209
0.569905
0.572585
0.575248
0.577895
0.580524
0.583138
0.585735
0.588316
0.590881
0.59343
0.595963
0.598481
0.600982
0.603469
0.605939
0.608394
0.610834
0.613259
0.615669
0.618063
0.620443
0.622808
0.625158
0.627493
0.629814
0.632121
0.634413
0.63669
0.638954
0.641204
0.643439
0.645661
0.647868
0.650062
0.652243
0.654409
0.656562
0.658702
0.660829
0.662942
0.665042
0.667129
0.669203
0.671264
0.673312
0.675348
0.67737
0.67938
0.681378
0.683363
0.685336
0.687297
0.689245
0.691181
0.693105
0.695017
0.696917
0.698806
0.700682
0.702547
0.704401
0.706242
0.708073
0.709891
0.711699
0.713495
0.71528
0.717054
0.718817
0.720569
0.72231
0.72404
0.72576
0.727468
0.729166
0.730854
0.732531
0.734197
0.735853
0.737499
0.739134
0.74076
0.742375
0.74398
0.745575
0.74716
0.748736
0.750301
0.751857
0.753403
0.754939
0.756466
0.757984
0.759492
0.76099
0.762479
0.763959
0.76543
0.766891
0.768344
0.769787
0.771221
0.772647
0.774063
0.775471
0.77687
0.77826
0.779642
0.781015
0.782379
0.783735
0.785082
0.786421
0.787752
0.789074
0.790389
0.791695
0.792992
0.794282
0.795564
0.796838
0.798104
0.799361
0.800611
0.801854
0.803088
0.804315
0.805534
0.806746
0.80795
0.809147
0.810336
0.811517
0.812692
0.813859
0.815019
0.816171
0.817316
0.818455
0.819586
0.82071
0.821827
0.822937
0.82404
0.825137
0.826226
0.827309
0.828385
0.829454
0.830517
0.831573
0.832622
0.833665
0.834701
0.835731
0.836755
0.837772
0.838782
0.839787
0.840785
0.841777
0.842763
0.843742
0.844716
0.845684
0.846645
0.847601
0.84855
0.849494
0.850431
0.851363
0.852289
0.85321
0.854124
0.855033
0.855936
0.856834
0.857726
0.858612
0.859493
0.860369
0.861239
0.862103
0.862962
0.863816
0.864665
0.865508
0.866346
0.867179
0.868006
0.868829
0.869646
0.870458
0.871265
0.872067
0.872864
0.873656
0.874444
0.875226
0.876003
0.876776
0.877544
0.878307
0.879065
0.879818
0.880567
0.881311
0.882051
0.882786
0.883516
0.884242
0.884963
0.88568
0.886392
0.8871
0.887803
0.888502
0.889197
0.889887
0.890573
0.891255
0.891933
0.892606
0.893275
0.89394
0.894601
0.895257
0.89591
0.896559
0.897203
0.897844
0.89848
0.899113
0.899741
0.900366
0.900987
0.901604
0.902217
0.902826
0.903431
0.904033
0.904631
0.905225
0.905816
0.906402
0.906986
0.907565
0.908141
0.908713
0.909282
0.909847
0.910409
0.910967
0.911522
0.912073
0.912621
0.913165
0.913706
0.914244
0.914778
0.915309
0.915837
0.916361
0.916883
0.9174
0.917915
0.918426
0.918935
0.91944
0.919942
0.92044
0.920936
0.921429
0.921918
0.922405
0.922888
0.923369
0.923846
0.924321
0.924792
0.925261
0.925726
0.926189
0.926649
0.927106
0.92756
0.928012
0.92846
0.928906
0.929349
0.929789
0.930226
0.930661
0.931093
0.931522
0.931949
0.932373
0.932795
0.933213
0.933629
0.934043
0.934454
0.934862
0.935268
0.935671
0.936072
0.93647
0.936866
0.93726
0.937651
0.938039
0.938425
0.938809
0.93919
0.939569
0.939945
0.940319
0.940691
0.941061
0.941428
0.941793
0.942156
0.942516
0.942874
0.94323
0.943584
0.943935
0.944285
0.944632
0.944977
0.94532
0.94566
0.945999
0.946335
0.94667
0.947002
0.947332
0.94766
0.947986
0.94831
0.948633
0.948953
0.949271
0.949587
0.949901
0.950213
0.950523
0.950831
0.951138
0.951442
0.951745
0.952045
0.952344
0.952641
0.952936
0.953229
0.953521
0.95381
0.954098
0.954384
0.954668
0.954951
0.955231
0.95551
0.955788
0.956063
0.956337
0.956609
0.956879
0.957148
0.957415
0.95768
0.957944
0.958206
0.958466
0.958725
0.958982
0.959238
0.959492
0.959744
0.959995
0.960244
0.960492
0.960738
0.960983
0.961226
0.961467
0.961707
0.961946
0.962183
0.962419
0.962653
0.962886
0.963117
0.963347
0.963575
0.963802
0.964027
0.964252
0.964474
0.964696
0.964916
0.965134
0.965351
0.965567
0.965782
0.965995
0.966207
0.966417
0.966627
0.966835
0.967041
0.967247
0.967451
0.967654
0.967855
0.968055
0.968254
0.968452
0.968649
0.968844
0.969038
0.969231
0.969423
0.969613
0.969803
0.969991
0.970178
0.970364
0.970548
0.970732
0.970914
0.971095
0.971275
0.971454
0.971632
0.971809
0.971985
0.972159
0.972333
0.972505
0.972676
0.972847
0.973016
0.973184
0.973351
0.973517
0.973682
0.973846
0.974009
0.974171
0.974332
0.974492
0.974651
0.974809
0.974966
0.975121
0.975276
0.97543
0.975584
0.975736
0.975887
0.976037
0.976186
0.976335
0.976482
0.976629
0.976774
0.976919
0.977063
0.977206
0.977348
0.977489
0.977629
0.977769
0.977907
0.978045
0.978182
0.978317
0.978453
0.978587
0.97872
0.978853
0.978985
0.979116
0.979246
0.979375
0.979503
0.979631
0.979758
0.979884
0.98001
0.980134
0.980258
0.980381
0.980503
0.980625
0.980745
0.980865
0.980985
0.981103
0.981221
0.981338
0.981454
0.98157
0.981684
0.981798
0.981912
0.982025
0.982137
0.982248
0.982358
0.982468
0.982578
0.982686
0.982794
0.982901
0.983008
0.983114
0.983219
0.983323
0.983427
0.983531
0.983633
0.983735
0.983837
0.983937
0.984037
0.984137
0.984236
0.984334
0.984431
0.984528
0.984625
0.984721
0.984816
0.98491
0.985004
0.985098
0.985191
0.985283
0.985375
0.985466
0.985556
0.985646
0.985736
0.985825
0.985913
0.986001
0.986088
0.986175
0.986261
0.986346
0.986431
0.986516
0.9866
0.986683
0.986766
0.986849
0.986931
0.987012
0.987093
0.987174
0.987254
0.987333
0.987412
0.98749
0.987568
0.987646
0.987723
0.987799
0.987875
0.987951
0.988026
0.9881
0.988175
0.988248
0.988321
0.988394
0.988467
0.988538
0.98861
0.988681
0.988751
0.988821
0.988891
0.98896
0.989029
0.989097
0.989165
0.989233
0.9893
0.989367
0.989433
0.989499
0.989564
0.989629
0.989694
0.989758
0.989822
0.989885
0.989948
0.990011
0.990073
0.990135
0.990196
0.990257
0.990318
0.990378
0.990438
0.990498
0.990557
0.990616
0.990674
0.990733
0.99079
0.990848
0.990905
0.990961
0.991018
0.991074
0.991129
0.991185
0.991239
0.991294
0.991348
0.991402
0.991456
0.991509
0.991562
