0.244913
0.205371
0.17246
0.145516
0.124946
0.108541
0.0947539
0.0836054
0.0743803
0.0664314
0.0597873
0.0543607
0.0499394
0.0461051
0.0428652
0.0400947
0.0378461
0.0358356
0.0343206
0.0330852
0.0320293
0.031225
0.0307739
0.0303428
0.0301978
0.030078
0.0302157
0.0304249
0.0309564
0.0314882
0.0323356
0.0332919
0.0345723
0.0361293
0.0378747
0.0399203
0.0421982
0.0451847
0.0485932
0.0530425
0.0583395
0.0645289
0.0722877
0.0816086
0.0932634
0.10722
0.123095
0.142823
0.168614
0.197908
0.234462
0.273814
0.317087
0.36324
0.405709
0.446358
0.480977
0.516273
0.543968
0.57051
0.590531
0.609471
0.62689
0.6424
0.658235
0.671387
0.685345
0.698054
0.713251
0.725758
0.736743
0.746941
0.757697
0.76685
0.774751
0.783982
0.791005
0.797573
0.804503
0.810313
0.816699
0.821325
0.826209
0.831334
0.833891
0.838139
0.841766
0.844725
0.848092
0.851583
0.855837
0.857798
0.861676
0.863988
0.865799
0.867424
0.869845
0.872116
0.87445
0.876748
0.880514
0.881675
0.883167
0.886676
0.888498
0.890903
0.893409
0.895159
0.899054
0.901056
0.903701
0.907024
0.910437
0.912946
0.91551
0.918971
0.921594
0.922543
0.927159
0.931388
0.931745
0.936415
0.938693
0.941351
0.944245
0.949046
0.951447
0.953567
0.955095
0.955082
0.954836
0.957171
0.957358
0.958554
0.960876
0.960965
0.963729
0.963459
0.963098
0.965369
0.967763
0.967266
0.969905
0.972269
0.978002
0.980454
0.980641
0.982777
0.982751
0.982677
0.983321
0.983063
0.985906
0.985662
0.985599
0.985448
0.985342
0.985119
0.984755
0.984459
0.987197
0.987122
0.987009
0.988029
0.989398
0.989157
0.990674
0.990569
0.991828
0.991514
0.992678
0.992587
0.992479
0.992322
0.993251
0.994642
0.994703
0.995786
0.995878
0.995751
0.995718
0.99683
0.997609
0.998563
0.998534
0.998509
0.998933
0.999887
0.999939
0.999937
0.999936
0.999934
0.999932
0.99993
0.999928
0.999926
0.999924
0.999919
0.999916
0.999914
0.999908
0.999906
0.999897
0.999894
0.999892
0.999884
0.99997
0.999969
0.999968
0.999967
0.999966
0.999963
0.99996
0.999957
0.999952
0.999946
0.999942
0.999941
0.999932
0.999922
0.999916
0.999916
0.999915
0.999907
0.999886
0.999886
0.999886
0.99985
0.999816
0.999814
0.999649
0.999646
0.999644
0.999335
0.999333
0.999332
0.999331
0.99933
0.999329
0.999328
0.999327
0.999326
0.999325
0.999323
