AGENT 866 Leader, Neuroticism = 0.01
0.00626965
0.00626965
0.00713114
0.00788077
0.00845629
0.00845629
0.0087914
0.009005
0.00920525
0.00938151
0.00957647
0.00974321
0.00989668
0.0100373
0.0101578
0.0102272
0.0102893
0.0103382
0.0103913
0.010442
0.0105035
0.0105679
0.010637
0.0106922
0.0107432
0.0107877
0.010826
0.0108652
0.0109154
0.0109646
0.0110215
0.0110692
0.011114
0.011149
0.0111792
0.0112111
0.0112456
0.0112966
0.0113853
0.0115848
0.0119575
0.0123018
0.0128986
0.0135437
0.0144588
0.0157723
0.0175381
0.0175381
0.0175381
0.0175381
0.0204163
0.0251853
0.0301072
0.0350574
0.0350574
0.0350574
0.0350574
0.0350574
0.0350574
0.0350574
0.0350574
0.0350574
0.0350574
0.0350574
0.0350574
0.0350574
0.0543132
0.0730821
0.0730821
0.0870495
0.0870495
0.0870495
0.110425
0.132025
0.132025
0.132025
0.146688
0.146688
0.146688
0.146688
0.151328
0.165748
0.176036
0.19323
0.202065
0.219904
0.234853
0.247879
0.247879
0.247879
0.255544
0.255544
0.255544
0.255544
0.255544
0.262847
0.268626
0.268626
0.268626
0.268626
0.278587
0.29136
0.297836
0.297836
0.302214
0.302214
0.307885
0.308818
0.308818
0.308818
0.325675
0.325675
0.328358
0.328358
0.328358
0.332951
0.33686
0.344334
0.344334
0.346551
0.346551
0.354007
0.364724
0.364724
0.364724
0.364724
0.375179
0.378984
0.380678
0.391217
0.391217
0.391217
0.391217
0.391217
0.394419
0.397211
0.396715
0.399891
0.399891
0.402005
0.402005
0.409766
0.408576
0.412943
AGENT 261 Leader, Neuroticism = 0.01
0.00358266
0.0077237
0.0077237
0.00979092
0.011186
0.0120093
0.0125903
0.0129752
0.0133464
0.013664
0.0138569
0.0140376
0.0141652
0.0142644
0.0143361
0.0143871
0.0144372
0.0144911
0.0145538
0.0146124
0.0146655
0.014718
0.0147751
0.0148213
0.0148621
0.0149542
0.0150161
0.0151067
0.0152686
0.0155238
0.016015
0.0164566
0.0171782
0.0181029
0.0185677
0.0192343
0.0199813
0.0199813
0.0218132
0.0242126
0.0242126
0.0276993
0.0317012
0.0380217
0.0446676
0.0551624
0.0697052
0.0892459
0.103196
0.111193
0.11732
AGENT 976 Leader, Neuroticism = 0.21515
0.102197
0.118576
0.123012
0.121572
0.120496
0.112895
0.101023
0.095961
0.0883202
0.0854567
0.07947
0.0774092
0.0729582
0.0730556
0.0744003
0.069232
0.0627193
0.0539939
0.0466753
0.0419975
0.0382035
0.0366464
0.0355171
0.0356756
0.0382557
0.0420767
0.0420767
0.0420767
0.0704801
0.0962734
0.0962734
0.135211
0.153292
0.129541
0.20509
0.20509
0.20509
0.257974
0.257974
0.257974
0.257974
0.411569
0.365068
0.406569
0.376548
0.473456
0.473456
0.347399
0.336071
0.526403
0.370032
0.499936
0.476892
0.476892
0.476892
0.556198
0.480618
AGENT 965 Leader, Neuroticism = 0.0482293
0.0220306
0.035241
0.0405338
0.0434882
0.0448907
0.0451015
0.0448659
0.0441074
0.0431743
0.0417887
0.0404227
0.0389116
0.0372599
0.0358097
0.0344677
0.0334664
0.0324227
0.0324227
0.0315072
0.030661
0.0298258
0.0290078
0.0282075
0.0274742
0.0268251
0.02626
0.0256718
0.0251285
0.0247079
0.0243728
0.0239906
0.023618
0.0233252
0.0232316
0.0232687
0.023412
0.0239655
0.0249439
0.0273754
0.0317348
0.035841
0.04646
0.0564899
0.0564899
0.0564899
0.07618
0.103518
0.165848
0.205574
0.219735
0.253598
0.253598
0.27508
0.27508
0.316
0.350343
0.37093
0.37093
0.371927
0.371927
0.417302
0.443454
0.43107
0.43107
0.47626
0.444828
0.476434
0.459766
0.470268
AGENT 624 Leader, Neuroticism = 0.14444
0.0162496
0.0204348
0.0203466
0.0201947
0.0198289
0.0202718
0.0200287
0.0210314
0.0207819
0.0217236
0.0216809
AGENT 285 Leader, Neuroticism = 0.149018
0.11078
0.140468
0.150803
0.159782
0.164114
0.167017
0.166036
0.163022
0.159387
0.155232
0.151525
0.147534
0.143542
0.139671
0.135789
0.13207
0.128426
0.124672
0.121317
0.118098
0.114721
0.110486
0.107297
0.104024
0.10154
0.098323
0.0942637
0.0904377
0.0860631
0.081705
0.0782058
0.0759684
0.0742993
0.0730992
0.0720892
0.0702589
0.0691097
0.0683176
0.0672126
0.0662935
0.0647542
0.0627512
0.0615273
0.0598957
0.0589025
0.0577825
0.0575593
0.0573117
0.0568278
0.056654
0.0581152
0.059556
0.0611548
0.0625913
0.064569
0.0659273
0.0667372
0.0723842
0.0823455
0.103454
0.143924
0.168297
0.234326
0.251596
0.273473
0.284793
0.326303
0.312064
0.325124
0.430154
0.402008
0.432692
0.413984
0.435917
0.435917
0.466684
0.451194
0.472356
0.506704
0.55913
0.529683
0.477002
0.496511
0.569705
0.416303
0.532166
0.598831
0.598831
0.489513
0.481541
0.479712
0.473873
AGENT 142 Leader, Neuroticism = 0.107645
0.0780951
0.112186
0.125934
0.138303
0.146044
0.152218
0.154503
0.154412
0.153141
0.151115
0.149109
0.146437
0.143457
0.140126
0.136868
0.13358
0.130084
0.126384
0.123073
0.120187
0.117516
0.114254
0.111304
0.108593
0.105931
0.103072
0.099967
0.097368
0.0945543
0.0919067
0.0895397
0.0871658
0.0846775
0.0822412
0.0801126
0.0781706
0.076141
0.0740859
0.0723443
0.0706828
0.0691905
0.0676756
0.0664651
0.0657368
0.0654873
0.0663258
0.0679528
0.0696673
0.0791706
0.0937684
0.126209
0.154009
0.225635
0.317882
0.317882
0.317882
0.369549
0.369549
0.369549
0.369549
0.413084
0.435002
0.47542
0.440527
0.440527
0.440527
0.440527
0.440527
0.440527
0.514815
0.514815
0.514815
0.471731
0.503642
0.551156
0.51057
0.578357
0.59564
0.59564
0.59564
0.550456
0.550456
0.550456
0.564242
0.564242
0.516837
0.516837
0.428344
0.544938
0.544938
0.515311
0.515311
0.477266
0.477266
0.477266
0.515907
0.515907
0.515907
0.577605
0.577605
0.505485
0.505485
0.562735
0.563259
0.522945
0.522945
0.522428
0.522428
0.535745
0.573372
0.534854
0.513859
0.570188
0.51643
0.572925
0.465307
0.528552
0.502484
0.551769
0.526406
0.530205
0.530205
0.530205
0.487505
0.574768
0.553627
AGENT 935 Leader, Neuroticism = 0.01
0.007125
0.0092514
0.0104035
0.010971
0.0115147
0.0119861
0.0124499
0.0127
0.0129384
0.0131676
0.0133658
0.013515
0.0136508
0.01378
0.0138944
0.013999
0.0141075
0.0142091
0.0143297
0.0144267
0.0145233
0.0146026
0.0146748
0.0146748
0.0147558
0.0148335
0.0149035
0.0149857
0.0150644
0.0151571
0.0152552
0.0153567
0.0154692
0.0155942
0.0157414
0.0159256
0.0161556
0.0164923
0.0170047
0.0181544
0.0197709
0.0215204
0.0242369
0.0278629
0.0316791
0.0347292
0.0395851
0.0461653
0.0532722
0.0646221
0.0755825
0.0876319
0.100307
0.112095
0.112095
0.112095
0.112095
0.122999
0.122999
0.122999
0.139473
0.139473
0.139473
0.139473
0.139473
0.139473
0.139473
0.139473
0.139473
0.148875
0.148875
0.148875
0.159493
AGENT 266 Leader, Neuroticism = 0.01
0.00675
0.0114475
0.0134857
0.015178
0.0161343
0.0170673
0.0174987
0.017871
0.018154
0.0183624
0.0185111
0.0186156
0.0187069
0.0187671
0.0188294
0.0188717
0.0189129
0.0189565
0.0190097
0.0190538
0.0190906
0.019115
0.0191322
0.0191644
0.0191866
0.0192063
0.0192281
0.0192379
0.0192466
0.019255
0.0192815
0.0193191
0.0193772
0.0194516
0.0196141
0.0200188
0.020887
0.0219581
0.0230067
0.024501
0.0262693
0.0285683
0.0314118
0.0376033
0.0459142
0.0547914
0.0652561
0.0787391
0.0787391
0.0935289
0.106734
0.106734
0.124857
0.136647
0.155469
0.167049
AGENT 665 Leader, Neuroticism = 0.331997
0.290497
0.268169
0.175284
0.15402
0.14618
0.141263
0.13798
0.134134
0.130875
0.127086
0.123914
0.120913
0.116968
0.113249
0.110093
0.107728
0.106084
0.104525
0.102278
0.0997971
0.0974282
0.0948442
0.0920796
0.08936
0.0869427
0.0847914
0.0832647
0.0822298
0.0824738
0.0840454
0.0848045
0.084885
0.0839746
0.0830654
0.081526
0.080356
0.0801986
0.0805424
0.0806775
0.0805245
0.0800728
0.0796174
0.0792453
0.0790153
0.0788878
0.0795622
0.080612
0.0821984
0.0844704
0.0885994
0.0953506
0.101098
0.114401
0.128564
0.1603
0.199995
0.266054
0.297368
0.377061
0.448567
0.393087
0.393087
0.435059
0.324156
0.420988
0.411595
0.411595
0.513751
0.513751
0.513751
0.428332
0.491507
0.361078
0.384016
0.520929
0.331805
0.50267
0.406882
0.513847
0.250413
0.608491
AGENT 0 Memember. Neuroticism = 0.595377
0.234634
0.234634
0.213067
0.191653
0.173971
0.164271
0.154826
0.145068
0.139719
0.133049
0.129305
0.123725
0.120378
0.116053
0.111448
0.108206
0.104153
0.0993291
0.0936095
0.0877163
0.0848511
0.0823645
0.0776478
0.0750177
0.0686234
0.0619344
0.0577947
0.0553354
0.0529109
0.0517273
0.0487813
0.0456105
0.0434603
0.0423651
0.0418907
0.0393159
0.0380192
0.0370835
0.0389547
0.0442197
0.046192
0.058477
0.0546918
0.0672171
0.0716922
0.101168
0.126893
0.134472
0.134472
0.134472
0.244934
AGENT 1 Memember. Neuroticism = 0.573832
0.272571
0.236373
0.219148
0.211191
0.203916
0.198384
0.194269
0.186796
0.18033
0.173042
0.16732
0.162541
0.15498
0.14788
0.136832
0.128947
0.122502
0.122502
0.107538
0.103344
0.0949414
0.0864966
0.0801058
0.0801058
0.0700128
0.0761479
0.0630134
0.0624648
0.0590642
0.0590642
0.0685302
0.0563832
0.0572653
0.0770672
0.0770672
0.0511367
0.0967466
0.0415644
0.130662
0.130662
0.130662
0.0817911
0.21203
0.21203
0.188373
0.237565
0.237565
0.279402
0.328794
0.354857
0.221458
0.50311
0.50311
0.50311
0.064535
0.998631
0.998631
0
0
0
1
0
0
0
1
1
1
1
1
1
0.0806065
0.0806065
0.0806065
0.0806065
0.983018
0.0693135
0.766485
AGENT 2 Memember. Neuroticism = 0.752905
0.296714
0.24247
0.222219
0.206976
0.197481
0.186105
0.177509
0.169042
0.162238
0.155204
0.148994
0.143258
0.137843
0.131789
0.122155
0.114436
0.107923
0.0951287
0.074972
0.0554748
0.0455276
0.0433567
0.0381008
0.0380087
0.0380253
0.0368511
0.0353588
0.0360955
0.0369522
0.037514
0.0412168
0.0412168
0.0485239
0.0414603
0.0541446
0.041739
0.041739
0.104612
0.0375639
0.113776
0.0778992
0.170625
0.0425424
0.391541
0
0.890768
0
1
1
0
1
0
0.853328
0
AGENT 3 Memember. Neuroticism = 0.570097
0.479978
0.418188
0.322495
0.231368
0.181549
0.159252
0.135644
0.131126
0.11902
0.109648
0.103182
0.104119
0.099194
0.0936346
0.0890805
0.0856121
0.0816335
0.0781394
0.0758817
0.0740778
0.0728519
0.0717365
0.0709548
0.0701903
0.0700249
0.069995
0.0701035
0.0698507
0.0697542
0.0697431
0.0692268
0.0693917
0.0687605
0.0687118
0.0684901
0.0677555
0.0671158
0.0656597
0.0643937
0.0631482
0.0629939
0.0624294
0.0629455
0.0621366
0.0617312
0.060055
0.0578944
0.0565407
0.0565659
0.0559543
0.0557275
0.0548419
0.0539436
0.0527217
0.0521367
0.0516825
0.0518772
0.0517681
0.0531862
0.0541856
0.0576817
0.0615281
0.0685002
0.0777869
0.090779
0.105508
0.129935
0.154233
0.180356
0.204965
0.212902
0.250747
0.265174
0.353313
0.280176
0.454132
0.386924
0.446478
0.574224
0.500615
0.413829
0.523205
0.309561
0.309561
0.690115
0.23282
0.23282
1
0
1
0
1
0
1
0
0
0
1
1
1
0
1
1
0
0
1
0
1
0
1
0.118544
0.118544
0.118544
0.118544
0.118544
0.118544
1
0
0
0
0
1
AGENT 4 Memember. Neuroticism = 0.742457
0.0997489
0.0569383
0.0377467
0.0199259
0.0175563
0.0183563
0.0153801
0.0149808
0.0131291
0.0137538
0.0111062
0.0173309
0.0073828
0.0240664
0.0240664
0.000122219
0.0356303
0
0.0350884
0
===========================================================
