bias: 0
tendency: 0.1
AGENT_0
0.364925
0.333526
0.258587
0.258587
0.168167
0.108164
0.067119
0.0411673
0.0244627
0.0172458
0.0131768
0.0102822
0.00780384
0.0057889
0.00447233
0.00320665
0.0024358
0.0018497
0.00140399
0.001067
0.00082004
0.000655642
0.000531067
0.000447976
0.000366555
0.000299492
0.000243712
0.000200289
0.000162212
0.000130367
0.000106457
8.92644e-005
7.27351e-005
5.92921e-005
4.82576e-005
4.00439e-005
3.29419e-005
2.59334e-005
2.13344e-005
1.70355e-005
1.34378e-005
1.05186e-005
8.14153e-006
6.30972e-006
4.703e-006
3.51417e-006
2.49983e-006
1.76787e-006
1.20005e-006
6.85709e-007
3.64943e-007
2.03412e-007
1.08009e-007
5.95124e-008
2.74614e-008
1.52265e-008
1.59515e-008
7.29709e-009
9.10599e-009
6.14725e-009
9.52113e-009
4.90825e-009
4.90825e-009
6.29551e-009
5.42504e-009
7.40964e-009
8.38623e-009
8.60471e-009
8.60471e-009
5.861e-009
1.11611e-008
1.11611e-008
0
4.82224e-009
2.11407e-009
7.7432e-009
7.7432e-009
0
7.69752e-009
0
6.13788e-009
1.30527e-011
1.30527e-011
5.78536e-009
0
6.13387e-009
0
1.28868e-008
0
1.09152e-008
0
1.15628e-008
1.15628e-008
0
1.45415e-008
1.45415e-008
1.45415e-008
0
0
0
5.83855e-009
5.83855e-009
0
7.61262e-009
0
0
0
2.85682e-008
0
0
0
1.24168e-007
1.04293e-007
2.17272e-007
6.23913e-008
6.23913e-008
5.49146e-007
0
1.09911e-006
4.59673e-008
1.55132e-006
0
2.56488e-007
7.9663e-008
3.38744e-010
AGENT_1
0.521904
0.3532
0.220419
0.115601
0.0609586
0.0283074
0.0139813
0.00659248
0.00417282
0.00273006
0.00161634
0.00104065
0.000674702
0.000397693
0.000266641
0.000174092
0.000120723
8.30514e-005
5.97954e-005
3.37979e-005
2.01296e-005
1.30553e-005
9.56798e-006
7.21801e-006
5.71444e-006
4.48239e-006
2.92009e-006
2.18172e-006
1.66289e-006
1.23222e-006
1.02545e-006
8.93165e-007
6.84579e-007
6.12731e-007
4.54026e-007
2.76468e-007
2.38937e-007
1.64216e-007
1.39665e-007
9.82767e-008
8.81776e-008
7.83067e-008
7.03829e-008
7.47994e-008
5.67196e-008
6.56044e-008
4.53336e-008
3.02329e-008
2.74463e-008
2.69567e-008
1.93697e-008
1.2271e-008
8.9458e-009
6.09631e-009
4.3211e-009
3.48153e-009
2.52656e-009
1.88777e-009
1.69259e-009
1.19602e-009
1.11951e-009
1.11951e-009
7.04761e-010
5.85793e-010
6.04379e-010
7.46171e-010
1.01037e-009
1.1804e-009
1.5726e-009
1.81891e-009
2.17764e-009
3.73833e-009
5.66172e-009
6.30129e-009
9.65246e-009
1.41947e-008
1.74807e-008
2.26175e-008
4.008e-008
0
5.55478e-008
5.55478e-008
0
2.72661e-008
0
1.70519e-008
9.73126e-010
9.73126e-010
1.13386e-008
1.13386e-008
0
1.96446e-008
0
0
9.42584e-009
9.42584e-009
0
1.54952e-008
9.88798e-010
9.88798e-010
4.6267e-008
4.6267e-008
4.6267e-008
0
0
4.17462e-007
0
8.86332e-007
0
0
0
1.93544e-006
1.93544e-006
0
1.24228e-006
0
0
1.21093e-006
1.21093e-006
0
4.93427e-007
0
2.05869e-007
2.05869e-007
0
0
2.14317e-008
0
1.28713e-008
0
1.35698e-008
0
1.21465e-009
AGENT_2
0.564064
0.410181
0.302454
0.187989
0.11651
0.0617444
0.025938
0.0102343
0.00440734
0.00293463
0.00122349
0.000974289
0.000690756
0.000564309
0.000466497
0.000334661
0.000241113
0.000159842
0.000105665
7.75381e-005
6.03525e-005
4.81425e-005
3.49053e-005
2.51494e-005
1.87995e-005
1.39834e-005
1.05724e-005
7.87547e-006
5.60395e-006
3.79566e-006
2.54476e-006
1.81258e-006
1.26043e-006
9.90758e-007
8.61446e-007
6.68482e-007
4.92718e-007
3.98598e-007
2.95816e-007
2.11867e-007
1.66871e-007
1.21457e-007
8.9847e-008
6.27583e-008
4.41312e-008
3.07867e-008
2.20347e-008
1.84229e-008
2.06743e-008
1.87044e-008
1.68528e-008
1.715e-008
1.4482e-008
1.24522e-008
8.84272e-009
5.50546e-009
3.8006e-009
2.84137e-009
1.98557e-009
1.50876e-009
1.26284e-009
1.01719e-009
7.72881e-010
9.50769e-010
1.97211e-009
2.00704e-009
2.26598e-009
1.68473e-009
1.61597e-009
1.89553e-009
1.69317e-009
4.10139e-009
1.29525e-009
1.29525e-009
6.72969e-009
5.98526e-009
5.20394e-009
3.39557e-009
1.09446e-008
0
0
1.09014e-008
0
0
8.70694e-009
0
0
1.04256e-008
1.04256e-008
0
0
0
1.09686e-008
1.09686e-008
1.09686e-008
1.09686e-008
1.09686e-008
1.09686e-008
0
5.89883e-009
5.89883e-009
5.89883e-009
0
4.17181e-009
4.17181e-009
0
0
3.69066e-009
4.37115e-010
1.5676e-008
0
3.46119e-008
2.49784e-008
2.49784e-008
1.83839e-008
1.83839e-008
1.40331e-008
1.40331e-008
1.40616e-008
1.40616e-008
1.40616e-008
6.83693e-009
1.56046e-008
0
6.02168e-009
2.1679e-009
1.80083e-009
6.89181e-010
4.6438e-010
5.10821e-011
2.62523e-010
4.14969e-011
9.54103e-011
0
0
2.02865e-011
STATISTICAL_AREA_0
0.449887
0.317683
0.210778
0.139363
0.09261
0.0599987
0.0317784
0.0205455
0.0124036
0.00752907
0.00473185
0.00306142
0.00226435
0.00173917
0.00135138
0.00109581
0.000850907
0.000655082
0.000523222
0.000394543
0.00031777
0.000239488
0.000205162
0.000163822
0.000138536
0.000112253
9.26668e-005
7.55233e-005
6.07715e-005
6.55019e-005
6.05199e-005
5.68313e-005
4.17092e-005
4.57374e-005
3.20744e-005
3.27876e-005
3.1327e-005
3.189e-005
2.35923e-005
2.84564e-005
2.02996e-005
1.72852e-005
1.46632e-005
1.19191e-005
9.20296e-006
7.68167e-006
6.25296e-006
2.16336e-006
1.61908e-006
1.18193e-006
8.14e-007
5.49503e-007
3.46857e-007
2.47066e-007
1.75268e-007
1.22706e-007
9.11482e-008
7.09255e-008
6.45994e-008
6.01342e-008
4.98012e-008
7.77399e-008
7.78512e-008
9.43065e-008
9.37552e-008
9.56002e-008
1.10362e-007
1.14581e-007
7.90002e-008
1.00969e-007
5.9886e-008
4.78169e-008
6.18613e-008
6.55769e-008
5.7347e-008
5.36041e-008
4.22827e-008
4.55589e-008
4.52227e-008
4.00244e-008
2.64614e-008
2.78606e-008
1.7033e-008
2.02527e-008
2.03686e-008
2.5254e-008
2.3774e-008
2.33929e-008
3.06883e-008
2.77236e-008
3.26161e-008
4.26918e-008
3.34964e-008
4.21068e-008
2.8598e-008
3.60876e-008
2.94021e-008
3.3689e-008
2.79634e-008
3.17309e-008
5.13041e-008
3.2612e-008
9.87462e-008
1.35926e-007
2.59816e-007
4.70849e-007
5.85624e-007
4.43328e-007
2.15435e-006
2.17458e-006
2.23297e-006
1.85523e-006
1.9643e-006
1.76422e-006
2.01128e-006
2.05994e-006
1.67421e-006
2.1059e-006
1.41381e-006
1.98789e-006
6.48188e-007
2.53024e-007
1.27237e-007
4.84069e-008
3.80903e-008
STATISTICAL_AREA_1
0.529437
0.352123
0.22481
0.145124
0.0930348
0.0548248
0.0329018
0.0216059
0.0128904
0.00806718
0.00524244
0.00321991
0.00213775
0.00144706
0.00100038
0.000677844
0.000492748
0.00036183
0.000259897
0.000193684
0.000140471
0.000106621
7.66483e-005
6.28466e-005
4.83388e-005
3.90987e-005
3.17673e-005
2.59045e-005
2.02459e-005
1.49103e-005
1.22196e-005
9.18851e-006
7.18745e-006
5.93942e-006
4.69116e-006
3.68591e-006
2.98136e-006
2.48547e-006
2.23679e-006
1.77609e-006
1.33994e-006
1.06416e-006
8.60769e-007
7.89269e-007
5.98312e-007
3.98568e-007
3.48292e-007
3.32265e-007
2.18744e-007
1.33704e-007
9.916e-008
1.3316e-007
7.70509e-008
4.46953e-008
4.95694e-008
4.07759e-008
3.89977e-008
6.055e-008
1.25323e-007
1.14656e-007
1.29221e-007
1.14105e-007
1.03261e-007
1.11174e-007
1.19316e-007
1.39611e-007
1.04177e-007
1.0276e-007
1.20264e-007
1.89445e-007
1.90881e-007
4.37211e-007
3.12721e-007
3.19498e-007
2.31882e-007
2.40366e-007
2.3093e-007
1.80037e-007
1.63668e-007
1.48908e-007
5.9103e-008
7.4201e-008
8.9571e-008
4.91423e-008
8.89033e-008
6.11787e-008
7.92263e-008
5.82696e-008
3.47103e-008
5.4834e-008
3.60493e-008
4.20819e-008
4.52914e-008
2.16113e-008
2.83091e-008
1.79322e-007
1.15792e-007
1.60809e-007
2.95462e-007
1.07451e-006
2.21298e-006
2.0792e-006
2.29101e-006
2.7833e-006
2.83758e-006
2.74655e-006
2.83313e-006
2.60234e-006
3.04707e-006
2.51108e-006
2.66747e-006
2.08763e-006
2.10285e-006
1.88877e-006
2.05836e-006
2.14622e-006
1.69949e-006
2.24501e-006
1.46695e-006
2.0301e-006
6.73685e-007
2.5508e-007
1.24552e-007
4.92406e-008
4.142e-008
3.15936e-008
2.09789e-008
1.11644e-008
9.08619e-009
7.12133e-009
3.95109e-009
1.79902e-009
1.40481e-009
STATISTICAL_AREA_2
0.516762
0.372599
0.259256
0.176074
0.117216
0.0771162
0.0506863
0.0331955
0.0227248
0.015816
0.0114832
0.00897639
0.00691407
0.00551921
0.00455068
0.00354438
0.00106498
0.000798675
0.000599048
0.00046088
0.000361506
0.000275363
0.000200362
0.000152327
0.000111312
8.07487e-005
6.12673e-005
4.89235e-005
3.64022e-005
2.28165e-005
1.68125e-005
1.3291e-005
9.4223e-006
7.36568e-006
6.11223e-006
4.41913e-006
3.38693e-006
2.62681e-006
1.41365e-006
9.88438e-007
8.13677e-007
9.23693e-007
6.72658e-007
5.39195e-007
8.85056e-007
3.80345e-007
3.46728e-007
4.90789e-007
4.05341e-007
2.96713e-007
1.96277e-007
1.80868e-007
1.91937e-007
1.88473e-007
1.82428e-007
1.3658e-007
1.25712e-007
9.53174e-008
6.35551e-008
4.69873e-008
5.61525e-008
3.22038e-008
3.71446e-008
6.45654e-008
3.643e-008
8.16038e-008
8.25536e-008
7.43721e-008
8.90541e-008
1.12386e-007
9.51603e-008
1.07005e-007
8.95931e-008
1.11399e-007
1.31063e-007
1.23363e-007
1.15314e-007
8.66541e-008
7.92368e-008
7.7802e-008
4.88849e-008
4.75513e-008
5.58049e-008
3.76296e-008
2.93733e-008
3.51548e-008
3.09334e-008
2.8114e-008
3.44028e-008
3.30082e-008
3.35987e-008
3.42053e-008
3.26799e-008
4.20841e-008
2.25586e-008
2.32686e-008
2.57799e-008
3.13557e-008
1.8859e-008
2.10048e-008
3.96665e-008
3.2612e-008
3.58097e-008
8.65691e-008
2.10285e-007
2.91481e-007
2.26585e-007
9.45784e-008
4.07714e-007
7.16208e-007
8.01535e-007
7.08762e-007
8.83021e-007
5.31764e-007
6.87893e-007
1.60983e-006
1.21553e-006
1.72121e-006
5.66631e-007
1.08232e-006
4.15467e-007
1.62454e-007
1.17584e-007
3.99024e-008
2.84002e-008
1.71986e-008
7.06647e-009
3.65219e-009
1.86887e-009
1.59852e-009
2.65636e-009
8.27579e-010
7.04026e-010
2.86576e-010
2.25504e-010
1.21509e-010
===========================================================
bias: 0.1
tendency: 0.1
AGENT_0
0.364925
0.3478
0.291188
0.291188
0.210471
0.150634
0.104739
0.0718367
0.047339
0.0344909
0.0267363
0.0211764
0.0164223
0.0124912
0.00991675
0.00747491
0.00588844
0.00466791
0.00370798
0.00294172
0.00235688
0.00193921
0.00161503
0.0013828
0.00115545
0.000971901
0.000817497
0.000693885
0.000581507
0.0004839
0.000408478
0.000352916
0.00029641
0.000249661
0.000209458
0.000179518
0.000153531
0.000127075
0.000108513
9.07161e-005
7.4916e-005
6.1387e-005
4.99169e-005
4.034e-005
3.14548e-005
2.43375e-005
1.80223e-005
1.31227e-005
9.19837e-006
5.57565e-006
3.20063e-006
1.93532e-006
1.12024e-006
6.55674e-007
3.2346e-007
1.81883e-007
1.84431e-007
8.21893e-008
8.65727e-008
4.85251e-008
6.75808e-008
3.22712e-008
3.22712e-008
5.34432e-008
4.52707e-008
7.50139e-008
6.8826e-008
5.71815e-008
5.71815e-008
5.95291e-008
7.77034e-008
7.77034e-008
3.66872e-008
5.46295e-008
2.44416e-008
4.67747e-008
4.67747e-008
1.84505e-008
4.85202e-008
4.78687e-009
4.56471e-008
3.41102e-008
3.41102e-008
2.11121e-008
3.48634e-008
6.26171e-008
3.32812e-008
1.36271e-007
0
1.211e-007
0
1.6894e-007
1.6894e-007
0
1.51619e-007
1.51619e-007
1.51619e-007
0
0
0
6.94904e-008
6.94904e-008
0
6.1282e-008
0
0
0
8.25472e-008
0
0
0
2.32865e-007
2.09297e-007
4.92732e-007
1.47302e-007
1.47302e-007
1.23651e-006
0
1.95766e-006
2.55112e-007
2.89654e-006
0
6.37764e-007
1.76378e-007
7.52702e-008
AGENT_1
0.521904
0.38323
0.271708
0.174863
0.112154
0.0655036
0.038874
0.021746
0.014249
0.00961812
0.00646171
0.00442453
0.00311807
0.00206335
0.00147912
0.00104723
0.000770724
0.000562598
0.000424055
0.000269248
0.000172526
0.000118362
8.67549e-005
6.70673e-005
5.38581e-005
4.31469e-005
3.07773e-005
2.36925e-005
1.8501e-005
1.41408e-005
1.15192e-005
9.68936e-006
7.6976e-006
6.8448e-006
5.39795e-006
3.68416e-006
3.15241e-006
2.35358e-006
2.00267e-006
1.50593e-006
1.35545e-006
1.22035e-006
1.10003e-006
1.12601e-006
8.92765e-007
1.01839e-006
7.7442e-007
5.5392e-007
5.14787e-007
5.32339e-007
4.16304e-007
2.89936e-007
2.39423e-007
1.7075e-007
1.29209e-007
1.06876e-007
8.32489e-008
6.15667e-008
5.5021e-008
3.87439e-008
3.20059e-008
3.20059e-008
2.07511e-008
8.36393e-009
5.34246e-009
4.91343e-009
6.30293e-009
6.57167e-009
7.70017e-009
8.39773e-009
9.96434e-009
1.82303e-008
2.66566e-008
2.92496e-008
5.41293e-008
7.72949e-008
1.15997e-007
1.35034e-007
2.13719e-007
9.94531e-009
2.93376e-007
2.93376e-007
0
3.2501e-007
0
2.85821e-007
0
0
2.69966e-007
2.69966e-007
0
2.81221e-007
0
0
1.50239e-007
1.50239e-007
0
1.79451e-007
0
0
2.27804e-007
2.27804e-007
2.27804e-007
0
0
7.71197e-007
0
1.76567e-006
0
0
0
3.6172e-006
3.6172e-006
0
2.68965e-006
0
0
2.27726e-006
2.27726e-006
0
1.10222e-006
0
6.37427e-007
6.37427e-007
0
0
8.14326e-008
0
5.49235e-008
0
4.53326e-008
0
3.89447e-009
AGENT_2
0.564064
0.435834
0.345942
0.245973
0.175485
0.113115
0.0627607
0.0326412
0.0171318
0.0116233
0.00593625
0.00444368
0.00324355
0.00264847
0.00226039
0.00176523
0.00138159
0.000981613
0.00065838
0.000491063
0.000396825
0.000316469
0.000241927
0.000186293
0.000144232
0.000112849
8.63594e-005
6.54487e-005
4.95125e-005
3.65535e-005
2.7162e-005
2.03221e-005
1.51858e-005
1.21813e-005
1.02082e-005
8.08162e-006
6.26977e-006
5.0935e-006
3.95913e-006
3.01894e-006
2.41258e-006
1.83768e-006
1.44234e-006
1.0751e-006
7.91755e-007
5.89611e-007
4.43564e-007
3.57213e-007
3.32236e-007
2.9333e-007
2.64433e-007
2.58335e-007
2.24731e-007
1.96699e-007
1.47247e-007
1.02183e-007
7.86393e-008
5.91511e-008
4.31503e-008
3.45484e-008
2.94303e-008
2.16724e-008
1.74967e-008
1.79219e-008
2.75093e-008
2.80115e-008
3.07602e-008
2.72801e-008
2.08261e-008
2.05542e-008
1.93555e-008
2.87139e-008
1.76959e-008
1.76959e-008
4.0423e-008
5.59611e-008
4.15139e-008
3.19797e-008
7.20942e-008
1.07589e-009
1.07589e-009
9.1719e-008
2.19392e-008
2.19392e-008
4.83219e-008
6.77388e-008
6.77388e-008
2.96771e-008
2.96771e-008
3.69526e-008
3.69526e-008
3.69526e-008
8.84301e-008
8.84301e-008
8.84301e-008
8.84301e-008
8.84301e-008
8.84301e-008
0
6.17406e-008
6.17406e-008
6.17406e-008
0
3.5075e-008
3.5075e-008
0
0
1.66625e-008
0
5.58539e-008
0
8.26156e-008
5.498e-008
5.498e-008
1.06272e-007
1.06272e-007
0
0
1.01254e-007
1.01254e-007
1.01254e-007
8.03375e-010
7.68278e-008
0
2.38013e-008
1.42067e-008
7.75465e-009
4.47503e-009
7.61852e-010
1.66263e-009
0
7.82415e-010
0
1.59959e-010
1.59959e-010
0
STATISTICAL_AREA_0
0.449887
0.341584
0.251121
0.1837
0.133049
0.0934406
0.0588077
0.0414006
0.0271197
0.0177146
0.0115936
0.00774431
0.00575198
0.00453107
0.0035387
0.00287904
0.00229647
0.00183536
0.00151871
0.00120889
0.00100562
0.000789712
0.000689429
0.000570566
0.000497893
0.000413305
0.000351635
0.000294413
0.00024391
0.000268334
0.000254347
0.00024428
0.000183919
0.000206098
0.000147704
0.000153641
0.000150842
0.000158045
0.000119709
0.00014156
0.000102569
8.87061e-005
7.77982e-005
6.47566e-005
5.20621e-005
4.44873e-005
3.7202e-005
1.33579e-005
1.03423e-005
7.98158e-006
5.70886e-006
4.10013e-006
2.73156e-006
1.98787e-006
1.30906e-006
9.48908e-007
7.60292e-007
5.60667e-007
4.92853e-007
3.80317e-007
3.7603e-007
3.88043e-007
4.09802e-007
6.10793e-007
5.81792e-007
7.26307e-007
9.0851e-007
8.61142e-007
6.88945e-007
9.14367e-007
4.7405e-007
3.83871e-007
4.78979e-007
4.7655e-007
3.86809e-007
3.51724e-007
2.63168e-007
2.65928e-007
2.6123e-007
2.04941e-007
1.88911e-007
1.97935e-007
1.48717e-007
1.60207e-007
1.87813e-007
2.13657e-007
2.04582e-007
1.90941e-007
2.17795e-007
1.77063e-007
1.99679e-007
2.29962e-007
1.82657e-007
2.17542e-007
1.60686e-007
1.7391e-007
1.65427e-007
1.61237e-007
1.26258e-007
1.21338e-007
1.44574e-007
1.1248e-007
2.36734e-007
2.4918e-007
4.33286e-007
8.57872e-007
1.11122e-006
8.56426e-007
3.05946e-006
3.10399e-006
3.34213e-006
2.98098e-006
3.02372e-006
2.8611e-006
3.21572e-006
3.40126e-006
2.64474e-006
3.33807e-006
2.36926e-006
3.26313e-006
1.2424e-006
6.03088e-007
3.06456e-007
1.64506e-007
1.27931e-007
STATISTICAL_AREA_1
0.529437
0.380906
0.274105
0.200024
0.144507
0.0968978
0.0646346
0.0460273
0.0305226
0.0210578
0.0150199
0.0101197
0.00723386
0.00521261
0.00381881
0.00273209
0.00205175
0.00154486
0.00114328
0.000873516
0.000656208
0.000513792
0.000382143
0.000319438
0.000253794
0.000207478
0.000168611
0.000139812
0.000113069
8.66125e-005
7.30572e-005
5.68646e-005
4.60276e-005
3.8249e-005
3.14113e-005
2.56231e-005
2.07513e-005
1.83234e-005
1.70153e-005
1.39107e-005
1.08811e-005
9.1194e-006
7.71193e-006
6.39851e-006
4.95956e-006
3.82135e-006
3.50771e-006
2.92236e-006
2.39357e-006
1.51189e-006
1.18477e-006
1.38548e-006
7.76949e-007
5.46933e-007
4.78702e-007
3.66827e-007
3.12865e-007
3.36855e-007
4.50868e-007
4.27456e-007
4.1446e-007
3.74391e-007
3.58459e-007
3.83067e-007
4.38806e-007
5.42845e-007
4.47583e-007
4.32059e-007
4.62886e-007
6.30208e-007
6.67635e-007
1.45965e-006
1.06899e-006
1.16112e-006
8.7448e-007
1.02273e-006
9.83018e-007
8.50571e-007
7.67734e-007
6.70328e-007
3.46497e-007
3.85578e-007
4.52086e-007
3.29896e-007
4.39464e-007
3.10028e-007
3.80877e-007
2.6722e-007
2.37486e-007
2.78037e-007
2.14913e-007
2.26677e-007
2.14067e-007
1.42114e-007
1.56565e-007
4.07117e-007
3.37487e-007
4.61549e-007
5.9445e-007
1.63887e-006
3.58493e-006
3.47444e-006
3.28012e-006
4.3737e-006
4.32471e-006
4.13472e-006
4.49583e-006
4.06915e-006
4.45316e-006
3.86387e-006
4.13272e-006
3.58341e-006
3.34025e-006
3.14528e-006
3.3767e-006
3.65368e-006
2.71733e-006
3.5927e-006
2.48649e-006
3.36009e-006
1.31438e-006
6.1698e-007
3.07022e-007
1.65902e-007
1.36376e-007
1.01789e-007
6.70426e-008
4.04931e-008
2.8845e-008
2.11269e-008
1.35111e-008
5.78339e-009
4.42397e-009
STATISTICAL_AREA_2
0.516762
0.397552
0.303332
0.228546
0.169546
0.123885
0.0892981
0.0630853
0.0456139
0.0332082
0.0249139
0.019293
0.0149685
0.0118407
0.00975438
0.00770811
0.00340766
0.00262155
0.00202284
0.00158305
0.00126108
0.000998411
0.000755481
0.000594706
0.000455401
0.000346837
0.000271285
0.000220627
0.000170548
0.000118086
9.07753e-005
7.43071e-005
5.48507e-005
4.47317e-005
3.80114e-005
2.87979e-005
2.33689e-005
1.88525e-005
1.15656e-005
8.5118e-006
7.19856e-006
7.54427e-006
5.53982e-006
4.48362e-006
6.11976e-006
3.26729e-006
2.96e-006
3.67343e-006
3.11935e-006
2.33983e-006
1.62304e-006
1.49116e-006
1.54864e-006
1.54152e-006
1.5063e-006
1.14043e-006
1.08228e-006
8.29183e-007
5.69215e-007
4.28005e-007
3.93393e-007
2.84957e-007
3.33456e-007
2.64436e-007
3.15382e-007
4.60632e-007
3.95651e-007
3.64682e-007
4.25271e-007
5.35072e-007
4.18033e-007
4.59562e-007
3.99564e-007
5.85577e-007
5.56426e-007
6.44881e-007
5.35736e-007
4.89682e-007
4.1213e-007
4.18369e-007
3.3187e-007
3.11216e-007
3.55677e-007
2.67329e-007
2.53918e-007
2.79383e-007
2.64542e-007
2.15195e-007
2.32576e-007
2.32485e-007
2.19131e-007
2.06126e-007
1.84855e-007
2.17393e-007
1.42503e-007
1.42095e-007
1.57032e-007
1.56183e-007
1.04402e-007
9.82033e-008
1.25136e-007
1.1248e-007
1.19899e-007
1.80997e-007
3.92597e-007
4.87485e-007
4.60152e-007
2.29124e-007
7.0492e-007
1.05789e-006
1.23139e-006
1.43144e-006
1.41669e-006
1.13304e-006
1.196e-006
2.68533e-006
1.87757e-006
2.68036e-006
1.02958e-006
1.93319e-006
7.65709e-007
4.35149e-007
2.84335e-007
1.40036e-007
1.02088e-007
6.23256e-008
2.83995e-008
1.71593e-008
7.48516e-009
6.22845e-009
8.78145e-009
2.84425e-009
2.19152e-009
1.00828e-009
6.97201e-010
4.23359e-010
===========================================================
bias: 0.2
tendency: 0.1
AGENT_0
0.364925
0.362075
0.324729
0.324729
0.258594
0.204603
0.158829
0.121987
0.0903314
0.0702727
0.056791
0.0465944
0.0375533
0.0297479
0.0244727
0.0195282
0.0160599
0.0133503
0.0111376
0.00926153
0.00776398
0.00660722
0.00568338
0.00497128
0.00426666
0.00370451
0.00322531
0.00283086
0.00245797
0.00212051
0.0018525
0.00165045
0.00143195
0.00124736
0.00108128
0.000958422
0.000854059
0.000746045
0.000662404
0.000581594
0.000504203
0.000433517
0.000371281
0.000313874
0.000256742
0.000207266
0.000160927
0.000122186
8.95602e-005
5.8115e-005
3.61366e-005
2.37274e-005
1.5108e-005
9.45206e-006
5.13718e-006
3.03633e-006
3.01013e-006
1.39545e-006
1.38977e-006
8.10927e-007
9.08329e-007
5.35294e-007
5.35294e-007
7.7451e-007
4.65029e-007
5.67911e-007
7.74354e-007
6.50943e-007
6.50943e-007
6.08114e-007
7.12546e-007
7.12546e-007
4.76244e-007
5.4619e-007
3.74709e-007
4.05889e-007
4.05889e-007
2.73065e-007
4.67226e-007
1.46032e-007
3.39766e-007
3.24612e-007
3.24612e-007
2.08832e-007
4.39528e-007
6.40709e-007
6.86128e-007
1.01821e-006
4.15003e-007
7.05585e-007
7.44976e-007
9.93957e-007
9.93957e-007
3.32315e-007
1.22016e-006
1.22016e-006
1.22016e-006
0
0
0
6.58242e-007
6.58242e-007
0
6.63567e-007
0
0
0
3.72885e-007
0
0
0
7.66606e-007
4.84609e-007
1.48177e-006
1.65112e-007
1.65112e-007
3.12918e-006
0
4.24391e-006
1.2112e-006
5.70509e-006
1.58603e-007
1.72666e-006
8.06581e-007
3.32556e-007
AGENT_1
0.521904
0.41326
0.325349
0.244446
0.183557
0.129839
0.0919335
0.062034
0.0449474
0.0329613
0.0247164
0.0184902
0.0142033
0.0104807
0.00811899
0.00624083
0.0049297
0.00386503
0.00309193
0.00221081
0.00156958
0.00116561
0.000895769
0.000721928
0.000600264
0.000497325
0.000385963
0.000311965
0.000254385
0.000204307
0.000168422
0.000140961
0.000115407
0.000100776
8.32357e-005
6.33968e-005
5.38947e-005
4.37747e-005
3.72522e-005
2.97994e-005
2.64386e-005
2.36735e-005
2.12834e-005
2.05858e-005
1.69436e-005
1.7921e-005
1.46782e-005
1.13893e-005
1.06847e-005
1.11127e-005
9.45111e-006
7.3156e-006
6.50195e-006
5.11024e-006
4.18047e-006
3.53466e-006
2.89492e-006
2.34387e-006
2.07346e-006
1.58013e-006
1.29793e-006
1.29793e-006
7.99699e-007
4.98523e-007
3.27776e-007
2.34719e-007
2.07128e-007
1.79314e-007
1.75173e-007
1.7305e-007
1.6978e-007
1.85581e-007
2.31757e-007
2.43767e-007
3.36477e-007
5.53638e-007
8.08159e-007
7.61917e-007
9.48401e-007
1.06166e-006
5.90041e-007
5.90041e-007
1.20975e-006
2.9677e-007
2.96672e-006
0
3.16891e-006
3.16891e-006
0
0
2.86374e-006
0
2.70123e-006
2.70123e-006
0
0
1.45037e-006
0
1.86127e-006
1.86127e-006
0
0
0
6.58868e-007
6.58868e-007
1.28694e-006
8.40087e-007
2.83956e-006
0
0
0
8.71841e-006
8.71841e-006
0
6.31424e-006
0
0
5.01622e-006
5.01622e-006
0
2.8159e-006
0
1.90775e-006
1.90775e-006
0
0
3.97172e-007
2.92397e-008
2.56725e-007
0
2.28713e-007
0
4.0684e-008
AGENT_2
0.564064
0.461488
0.390422
0.309305
0.246998
0.185874
0.12811
0.0844322
0.0549008
0.0407123
0.0256513
0.0197912
0.0153095
0.0127296
0.0110285
0.00914191
0.00764549
0.00591322
0.00429007
0.00337446
0.00285154
0.0023469
0.00190483
0.00156314
0.00127201
0.00105152
0.000834826
0.000656527
0.000527712
0.000421276
0.000342821
0.000273195
0.000220495
0.000184191
0.000154266
0.000126351
0.000103464
8.56506e-005
7.01531e-005
5.69897e-005
4.67846e-005
3.72989e-005
3.08931e-005
2.4472e-005
1.90703e-005
1.52108e-005
1.21549e-005
9.96353e-006
8.48406e-006
7.3483e-006
6.58659e-006
6.07138e-006
5.26885e-006
4.5084e-006
3.57989e-006
2.8157e-006
2.21787e-006
1.80654e-006
1.45351e-006
1.16531e-006
9.31075e-007
7.52875e-007
6.20582e-007
5.49984e-007
6.36319e-007
6.2546e-007
6.18095e-007
4.52171e-007
3.60333e-007
2.95295e-007
2.50004e-007
2.70871e-007
2.12207e-007
2.12207e-007
2.69182e-007
3.02657e-007
1.84729e-007
4.86193e-007
5.78505e-008
4.90696e-007
4.90696e-007
8.66644e-008
8.23248e-007
8.23248e-007
0
1.22911e-006
1.22911e-006
0
0
9.96941e-007
9.96941e-007
9.96941e-007
0
0
0
0
0
0
5.29364e-007
0
0
0
5.29551e-007
0
0
3.85938e-007
3.85938e-007
0
2.75766e-007
0
3.42899e-007
0
6.71406e-007
6.71406e-007
0
0
4.57842e-007
4.57842e-007
4.94001e-008
4.94001e-008
4.94001e-008
1.99436e-007
1.71256e-007
9.86913e-008
9.56381e-008
9.05283e-008
7.79884e-008
3.74916e-008
3.50128e-008
2.57962e-008
1.30121e-008
1.41073e-009
3.94015e-009
4.35144e-010
4.35144e-010
7.17062e-010
STATISTICAL_AREA_0
0.449887
0.365486
0.293858
0.235979
0.186793
0.143825
0.105625
0.082204
0.0599736
0.0435971
0.0311165
0.0224935
0.0174475
0.0141314
0.0112818
0.00924959
0.00754783
0.00619647
0.00522024
0.00433826
0.00367869
0.00301938
0.00265439
0.00227177
0.00202033
0.0016985
0.00147873
0.00125863
0.00106257
0.00115648
0.001112
0.00108283
0.000833442
0.000944159
0.000693344
0.000729096
0.000730319
0.000783195
0.000607342
0.000719888
0.000530436
0.000464761
0.000424972
0.000361034
0.000301523
0.000262627
0.00022485
9.17367e-005
7.36419e-005
6.0506e-005
4.55234e-005
3.49808e-005
2.47709e-005
1.87949e-005
1.27751e-005
8.63535e-006
7.79739e-006
5.93834e-006
4.99335e-006
3.70378e-006
3.56833e-006
2.69856e-006
3.21125e-006
4.64218e-006
4.67746e-006
6.14243e-006
8.66403e-006
8.12419e-006
7.24272e-006
9.45256e-006
5.05478e-006
4.18123e-006
4.61588e-006
4.0185e-006
3.603e-006
2.95231e-006
2.1528e-006
1.85887e-006
1.72682e-006
1.31017e-006
1.04993e-006
1.19965e-006
1.10765e-006
1.21722e-006
1.45186e-006
1.40318e-006
1.55859e-006
1.51447e-006
1.59115e-006
1.5396e-006
1.51886e-006
1.61629e-006
1.3547e-006
1.47189e-006
1.14498e-006
1.21659e-006
1.11837e-006
9.47489e-007
7.60592e-007
6.55052e-007
6.7603e-007
5.40327e-007
7.49021e-007
6.62418e-007
9.98656e-007
1.87721e-006
2.29569e-006
1.78203e-006
4.79902e-006
5.31526e-006
5.8886e-006
5.21611e-006
6.01741e-006
5.09465e-006
5.69764e-006
5.93685e-006
5.16823e-006
6.05225e-006
4.66376e-006
6.00366e-006
2.76019e-006
1.702e-006
1.04178e-006
7.3289e-007
5.46293e-007
STATISTICAL_AREA_1
0.529437
0.40969
0.32609
0.263725
0.211947
0.161265
0.121145
0.0949612
0.0704995
0.0539075
0.0422639
0.0315088
0.0244931
0.0190617
0.0150248
0.0115745
0.00916675
0.00725741
0.00564274
0.00450461
0.00354765
0.00289618
0.00225682
0.001936
0.00160301
0.0013358
0.00109392
0.000926283
0.000776273
0.000616516
0.00053098
0.000427997
0.000356953
0.000298687
0.000251302
0.000210979
0.000174624
0.000157292
0.000149203
0.000125147
0.000102181
8.98489e-005
7.92192e-005
6.52912e-005
5.4052e-005
4.43485e-005
4.17926e-005
3.49124e-005
3.13472e-005
2.22453e-005
1.82636e-005
1.89054e-005
1.18134e-005
9.10482e-006
7.60263e-006
6.05833e-006
4.9801e-006
4.37214e-006
3.76192e-006
3.60717e-006
2.8584e-006
2.41899e-006
2.09328e-006
2.01417e-006
1.88244e-006
2.85671e-006
2.68894e-006
2.60524e-006
2.44448e-006
2.61351e-006
3.20437e-006
5.99615e-006
4.3447e-006
4.68398e-006
3.94474e-006
4.23382e-006
4.39443e-006
3.73185e-006
3.20807e-006
2.93719e-006
1.63933e-006
1.92576e-006
2.39255e-006
1.99647e-006
2.22183e-006
1.86647e-006
2.15422e-006
2.04611e-006
1.75539e-006
1.84605e-006
1.66234e-006
1.68289e-006
1.43196e-006
1.23503e-006
1.04236e-006
1.52658e-006
1.46568e-006
1.64751e-006
1.69104e-006
3.39742e-006
6.13184e-006
5.92688e-006
5.82606e-006
7.46792e-006
7.54149e-006
7.54451e-006
8.07343e-006
7.685e-006
7.47475e-006
6.88878e-006
7.74589e-006
6.93947e-006
6.90183e-006
6.0475e-006
6.40031e-006
6.83679e-006
5.62242e-006
6.84359e-006
5.06799e-006
6.41558e-006
3.09775e-006
1.87831e-006
1.08057e-006
7.63096e-007
5.71869e-007
4.4719e-007
3.10915e-007
2.12968e-007
1.52088e-007
1.17279e-007
9.13199e-008
4.68175e-008
3.57241e-008
STATISTICAL_AREA_2
0.516762
0.422505
0.34904
0.287456
0.234657
0.189427
0.150814
0.11739
0.0920692
0.0720799
0.057404
0.0459692
0.036939
0.0297513
0.024864
0.0202592
0.0124959
0.0100486
0.00809822
0.00654788
0.0053824
0.00444671
0.00353551
0.0029024
0.00234311
0.0018853
0.00153558
0.00127972
0.00103801
0.000794652
0.000643431
0.000542883
0.00042664
0.000361758
0.00031375
0.000252688
0.000216755
0.000182362
0.000130099
0.000101438
8.8148e-005
8.53721e-005
6.5152e-005
5.33735e-005
6.02588e-005
4.05556e-005
3.61462e-005
3.89144e-005
3.3778e-005
2.63306e-005
1.97126e-005
1.78297e-005
1.74105e-005
1.69835e-005
1.63221e-005
1.2517e-005
1.16665e-005
9.27281e-006
6.66493e-006
5.26286e-006
4.21744e-006
3.5363e-006
2.92999e-006
2.45632e-006
2.12491e-006
2.24489e-006
2.28481e-006
1.88132e-006
1.77976e-006
1.97073e-006
1.25583e-006
1.68083e-006
1.66613e-006
2.12474e-006
2.62297e-006
2.70708e-006
2.43877e-006
2.48631e-006
1.98576e-006
2.05892e-006
1.51021e-006
1.80843e-006
2.01093e-006
1.67323e-006
1.64274e-006
1.80195e-006
1.74597e-006
1.62795e-006
1.65252e-006
1.72995e-006
1.68193e-006
1.53305e-006
1.44739e-006
1.47435e-006
1.10644e-006
1.07973e-006
1.01292e-006
8.66584e-007
5.97683e-007
5.81539e-007
6.55648e-007
5.40327e-007
5.03148e-007
6.49467e-007
9.18873e-007
1.12572e-006
8.66082e-007
6.9503e-007
1.1675e-006
2.37004e-006
2.61597e-006
3.03561e-006
3.11236e-006
2.31583e-006
2.62988e-006
4.7141e-006
3.51576e-006
5.02915e-006
2.31303e-006
3.72908e-006
1.71192e-006
1.15943e-006
8.49167e-007
5.1146e-007
4.29902e-007
2.71459e-007
1.56239e-007
1.02014e-007
5.77152e-008
4.60466e-008
5.84128e-008
2.78755e-008
2.00803e-008
1.19674e-008
1.09788e-008
5.84536e-009
===========================================================
bias: 0.3
tendency: 0.1
AGENT_0
0.364925
0.376349
0.359073
0.359073
0.311931
0.270198
0.232025
0.198167
0.164978
0.139925
0.120893
0.105246
0.0903381
0.0764654
0.0663817
0.0568147
0.0494418
0.0434801
0.0383586
0.0337053
0.0297768
0.0264738
0.0237279
0.021462
0.0191486
0.0172724
0.0156295
0.0142382
0.0128571
0.0115427
0.0104679
0.00963735
0.00867778
0.00783712
0.00704915
0.00647163
0.00601002
0.00553929
0.0051168
0.00472127
0.00430086
0.00388468
0.00350858
0.00311143
0.00267804
0.00227328
0.00186623
0.00149912
0.00116855
0.000824868
0.000565479
0.000407848
0.000288195
0.000197046
0.000120543
7.74795e-005
7.49191e-005
4.09499e-005
3.88584e-005
2.43468e-005
2.7063e-005
2.04274e-005
2.04274e-005
2.24665e-005
1.71895e-005
1.41714e-005
1.39486e-005
1.69321e-005
1.69321e-005
1.38927e-005
1.5195e-005
1.5195e-005
1.65424e-005
1.28297e-005
1.31146e-005
1.10212e-005
1.10212e-005
9.33329e-006
1.21466e-005
9.94414e-006
8.33633e-006
9.6975e-006
9.6975e-006
5.74484e-006
1.20362e-005
1.05379e-005
1.97109e-005
7.68324e-006
3.7236e-005
0
4.08368e-005
0
0
4.77333e-005
0
0
0
1.74472e-005
1.74472e-005
1.74472e-005
0
0
1.64399e-005
0
1.82804e-005
1.82804e-005
1.82804e-005
0
1.06732e-005
1.06732e-005
1.06732e-005
0
7.07735e-006
3.43687e-006
6.72866e-006
6.72866e-006
3.80331e-006
1.21336e-005
8.51552e-006
1.48066e-005
1.06321e-005
1.2048e-005
4.07671e-006
5.267e-006
3.46365e-006
AGENT_1
0.521904
0.44329
0.380764
0.322367
0.273794
0.22523
0.185353
0.148337
0.122118
0.100586
0.0842318
0.0700664
0.0592294
0.048885
0.041381
0.034821
0.0297939
0.0253703
0.0218353
0.0175956
0.0140373
0.0114865
0.0095445
0.0081901
0.00717569
0.00624668
0.00527744
0.00454987
0.00393095
0.0033642
0.00291263
0.00252311
0.00217161
0.00193063
0.0016749
0.00139794
0.00122239
0.00106459
0.000931531
0.00079507
0.000710999
0.000643407
0.000584499
0.000545933
0.00047064
0.000453645
0.000391271
0.000331024
0.000306761
0.000305502
0.000274083
0.000232497
0.000214998
0.000184111
0.00016101
0.000142301
0.000124103
0.00010705
9.68797e-005
7.9961e-005
6.91738e-005
6.91738e-005
5.00559e-005
3.65396e-005
2.7345e-005
2.08166e-005
1.72421e-005
1.47458e-005
1.30856e-005
1.20956e-005
9.92445e-006
9.1241e-006
8.3111e-006
8.03765e-006
7.9195e-006
1.02628e-005
1.16994e-005
1.78584e-005
1.94331e-005
1.7744e-005
9.26067e-006
9.26067e-006
1.84449e-005
1.70194e-005
3.0241e-005
4.6211e-006
5.21455e-005
5.21455e-005
0
0
3.88826e-005
0
3.89295e-005
3.89295e-005
0
0
2.55329e-005
0
3.31953e-005
3.31953e-005
0
0
0
1.2251e-005
1.2251e-005
6.81909e-006
1.20297e-005
9.26773e-006
1.33773e-005
1.33773e-005
1.33773e-005
1.02139e-005
1.02139e-005
1.22363e-005
4.06002e-006
2.32963e-005
2.32963e-005
0
0
1.00815e-005
8.95513e-006
4.78842e-006
6.9876e-006
6.9876e-006
8.37438e-007
8.37438e-007
3.2828e-006
7.92902e-007
2.19103e-006
3.14062e-007
2.26954e-006
1.53413e-007
5.60419e-007
AGENT_2
0.564064
0.487141
0.435597
0.376687
0.329007
0.279297
0.227238
0.18097
0.142548
0.118829
0.0912731
0.0767127
0.0648081
0.05675
0.0507908
0.0446045
0.0396038
0.0335585
0.0271635
0.0230643
0.0205195
0.0178702
0.0155115
0.0135687
0.0117614
0.0103248
0.00873843
0.00733331
0.00630218
0.00541514
0.00474864
0.00406582
0.0035368
0.00312175
0.00272102
0.00235551
0.00205062
0.00177865
0.0015494
0.00134672
0.00116618
0.000990372
0.000870304
0.000740965
0.000620736
0.000531627
0.000455514
0.000392852
0.000339358
0.000301976
0.000276789
0.000252353
0.000222793
0.000192076
0.000158571
0.000135677
0.000114826
9.98957e-005
8.66772e-005
7.35023e-005
6.04681e-005
5.12681e-005
4.52578e-005
3.97307e-005
3.55453e-005
3.0046e-005
2.5935e-005
2.03336e-005
1.69192e-005
1.37078e-005
1.10434e-005
9.21211e-006
8.23137e-006
8.23137e-006
8.15912e-006
7.07241e-006
5.99137e-006
9.7888e-006
5.29124e-006
1.58023e-005
1.58023e-005
5.76924e-006
2.01057e-005
2.01057e-005
1.96728e-006
1.95354e-005
1.95354e-005
4.39808e-006
4.39808e-006
3.21205e-005
3.21205e-005
3.21205e-005
0
0
0
0
0
0
1.86345e-005
0
0
0
1.46599e-005
0
0
1.22255e-005
1.22255e-005
0
9.9386e-006
0
9.70723e-006
0
6.23145e-006
6.23145e-006
0
0
2.64129e-006
2.64129e-006
9.77775e-007
9.77775e-007
9.77775e-007
1.48336e-006
1.55614e-006
1.22466e-006
9.98633e-007
1.01797e-006
9.12604e-007
6.67433e-007
5.013e-007
3.38073e-007
2.82696e-007
1.8285e-007
1.40791e-007
9.94246e-008
9.94246e-008
7.52996e-008
STATISTICAL_AREA_0
0.449887
0.389387
0.338537
0.295212
0.254136
0.214497
0.179698
0.154806
0.126834
0.104098
0.0832118
0.0671055
0.0564327
0.0482355
0.0408093
0.0348508
0.0297224
0.0254214
0.0219813
0.0190963
0.0165598
0.0143224
0.0126629
0.0112919
0.010206
0.00865617
0.00769298
0.00665677
0.00570464
0.00588388
0.00564348
0.00548545
0.00433923
0.00482904
0.00367452
0.00382907
0.00386127
0.00417908
0.00333995
0.00397335
0.00300124
0.00265987
0.00256838
0.00222683
0.0019447
0.00172244
0.00150585
0.000784331
0.000655569
0.000577875
0.000460401
0.000381942
0.000290889
0.00023512
0.000167095
0.000126781
0.000122567
0.000100982
8.88452e-005
7.23857e-005
7.10995e-005
4.83439e-005
5.38685e-005
6.73536e-005
6.34969e-005
8.23351e-005
0.000103178
0.000102382
0.000100212
0.000121193
7.64626e-005
6.68312e-005
7.34958e-005
6.71908e-005
6.19927e-005
5.12214e-005
4.34529e-005
3.8531e-005
3.19515e-005
2.46521e-005
2.27166e-005
2.11277e-005
1.832e-005
1.92828e-005
2.01998e-005
2.25344e-005
2.2381e-005
2.34253e-005
2.48952e-005
2.3204e-005
2.23633e-005
2.29488e-005
2.11583e-005
2.2378e-005
1.6349e-005
1.66206e-005
1.41152e-005
1.47501e-005
1.39307e-005
1.25026e-005
1.06474e-005
8.9813e-006
9.50077e-006
9.53751e-006
1.03454e-005
1.06982e-005
9.69666e-006
1.15761e-005
1.55386e-005
1.70421e-005
1.62957e-005
1.56692e-005
1.66277e-005
1.54823e-005
1.59685e-005
1.4986e-005
1.6306e-005
1.74902e-005
1.58807e-005
1.69179e-005
1.15775e-005
8.73648e-006
6.62559e-006
4.92517e-006
3.53635e-006
STATISTICAL_AREA_1
0.529437
0.438473
0.380119
0.334615
0.294073
0.250047
0.210431
0.182345
0.151902
0.129227
0.111578
0.0925591
0.0789308
0.0671481
0.0576892
0.0485802
0.0413334
0.0352005
0.0294601
0.0251249
0.021176
0.0183419
0.0152715
0.0136593
0.0119582
0.010392
0.00883738
0.00776307
0.00682067
0.00570144
0.00505985
0.00427605
0.00371509
0.00318224
0.00276159
0.00239522
0.00204896
0.00186781
0.00179724
0.00155102
0.00132399
0.00120911
0.00110352
0.000929748
0.000827979
0.000704059
0.000678744
0.000595547
0.00056161
0.000453474
0.000392451
0.000373001
0.00027233
0.000223619
0.000192861
0.00016711
0.000142394
0.000122614
9.66463e-005
9.15755e-005
7.31835e-005
6.16871e-005
4.97636e-005
4.03591e-005
3.2873e-005
4.01774e-005
3.54238e-005
3.96789e-005
2.80928e-005
2.88176e-005
3.51556e-005
4.17377e-005
4.53257e-005
4.35306e-005
4.88445e-005
4.95206e-005
4.18648e-005
4.17475e-005
3.67442e-005
2.94086e-005
2.78263e-005
2.88208e-005
2.85879e-005
2.37889e-005
2.72896e-005
2.4628e-005
2.65531e-005
2.44656e-005
2.65202e-005
2.54034e-005
2.28976e-005
2.3012e-005
2.15626e-005
2.10713e-005
1.71885e-005
1.73299e-005
1.58104e-005
1.83253e-005
1.65409e-005
1.80201e-005
2.18353e-005
2.01527e-005
2.00607e-005
2.32131e-005
2.40443e-005
2.53422e-005
2.37832e-005
2.62682e-005
2.2522e-005
2.09701e-005
2.2322e-005
2.15585e-005
2.00269e-005
1.9493e-005
1.90154e-005
1.84469e-005
1.80513e-005
2.01309e-005
1.73356e-005
1.83798e-005
1.2645e-005
9.26647e-006
6.72705e-006
5.03643e-006
3.67252e-006
3.4177e-006
2.60037e-006
2.00689e-006
1.41677e-006
1.23198e-006
9.19429e-007
6.62973e-007
5.74928e-007
STATISTICAL_AREA_2
0.516762
0.447457
0.395973
0.351528
0.31121
0.27415
0.239526
0.206075
0.177458
0.152031
0.131265
0.113082
0.0971891
0.0829949
0.0726507
0.0627159
0.0489773
0.0420396
0.0361429
0.0309884
0.026924
0.023546
0.0200213
0.0174176
0.0150101
0.012914
0.0111592
0.00973702
0.00841175
0.00708274
0.00611379
0.00539014
0.00457256
0.00406696
0.00364999
0.00315422
0.00283876
0.00251118
0.00205242
0.00172038
0.00155104
0.00145365
0.0011961
0.00102621
0.00103039
0.000828454
0.000748366
0.000732354
0.000654254
0.000546886
0.000451102
0.000407149
0.00037592
0.000353186
0.000327926
0.000263274
0.000234288
0.000197496
0.000155325
0.00012237
9.55112e-005
8.16704e-005
6.49763e-005
5.22333e-005
5.08297e-005
4.40491e-005
3.99433e-005
3.63094e-005
3.07574e-005
3.02449e-005
2.88173e-005
2.40609e-005
2.38504e-005
3.04654e-005
3.40219e-005
3.63263e-005
2.8517e-005
3.26409e-005
3.04867e-005
2.65105e-005
2.74699e-005
2.62772e-005
2.61675e-005
2.16003e-005
2.40407e-005
2.62426e-005
2.49054e-005
2.45671e-005
2.58528e-005
2.40418e-005
2.21092e-005
2.23255e-005
2.19422e-005
2.23857e-005
1.64433e-005
1.62931e-005
1.42798e-005
1.48363e-005
1.38828e-005
1.22688e-005
1.07186e-005
8.9813e-006
9.20689e-006
8.55626e-006
9.98493e-006
9.52768e-006
9.10318e-006
7.7464e-006
9.65463e-006
9.92698e-006
1.1161e-005
9.84367e-006
1.07536e-005
8.75697e-006
8.41061e-006
1.27883e-005
1.10188e-005
1.37652e-005
8.81756e-006
1.10939e-005
7.27302e-006
6.74807e-006
5.40308e-006
3.69022e-006
2.76509e-006
2.27728e-006
1.30256e-006
1.13299e-006
6.84314e-007
6.5794e-007
6.56068e-007
4.41384e-007
3.96439e-007
2.50341e-007
2.58022e-007
1.63269e-007
===========================================================
bias: 0.4
tendency: 0.1
AGENT_0
0.364925
0.390623
0.394085
0.394085
0.369518
0.346051
0.323929
0.302929
0.279661
0.259045
0.241641
0.226118
0.210035
0.193687
0.180567
0.167658
0.156611
0.147108
0.138371
0.129807
0.122033
0.114946
0.108691
0.10327
0.097394
0.0922586
0.0874972
0.0833544
0.0789314
0.074405
0.0705551
0.0674699
0.0636453
0.0600151
0.0564869
0.0538729
0.0519824
0.0501831
0.0481906
0.0465395
0.0444727
0.0421885
0.040158
0.0374949
0.034161
0.0308322
0.027156
0.0236033
0.0201174
0.0160095
0.0126204
0.0103492
0.00841302
0.00659979
0.00482019
0.00361128
0.00347616
0.00240623
0.00226365
0.0016646
0.00174384
0.00144289
0.00144289
0.00152257
0.00126172
0.00123377
0.00100764
0.000878833
0.000878833
0.00101188
0.00106803
0.00106803
0.00136022
0.00126376
0.00124267
0.00110548
0.00110548
0.000957373
0.00119146
0.000848567
0.000944829
0.000997919
0.000997919
0.000874422
0.000917437
0.00155083
0.00103705
0.00127563
0.00129885
0.00140217
0.00155108
0.00141252
0.00141252
0.00144226
0.00116885
0.00116885
0.00116885
0.00146353
0.00146353
0.00146353
0.00110956
0.00110956
0.00187596
0.00148165
0.00215798
0.00215798
0.00215798
0
0.00230053
0.00230053
0.00230053
0
0.0016356
0
0.00120427
0.00120427
0
0.00103756
5.44921e-005
0.000745311
0.000252062
0.000408962
0.000278362
0.000218481
0.000220829
AGENT_1
0.521904
0.473321
0.437377
0.406176
0.378691
0.348531
0.321764
0.294315
0.272204
0.251421
0.233551
0.216198
0.201415
0.185823
0.172999
0.160668
0.14995
0.139783
0.130761
0.119026
0.107662
0.0982679
0.0900367
0.0836536
0.0784106
0.0730748
0.0675108
0.0628054
0.0583098
0.053875
0.0500771
0.0463037
0.0428071
0.0401473
0.0371841
0.0338678
0.0314666
0.0292685
0.0271782
0.0249959
0.0234345
0.0221394
0.0209519
0.0199408
0.0183594
0.0174179
0.0159942
0.014695
0.0138474
0.0134156
0.0125587
0.0115306
0.0109469
0.0101211
0.00939569
0.00874303
0.00811685
0.00750878
0.00706058
0.006391
0.00590661
0.00590661
0.00502096
0.00430158
0.00371238
0.00318781
0.00282572
0.00253984
0.00232655
0.00216757
0.00185459
0.00166855
0.00138604
0.00125795
0.00102837
0.000941918
0.000994006
0.00107009
0.00133363
0.00111799
0.00113062
0.00113062
0.00114346
0.00159256
0.0015642
0.00147546
0.00203666
0.00203666
0.000657059
0.000657059
0.00196298
0.000799877
0.00213559
0.00213559
0
0
0.00278147
0
0.00313132
0.00313132
0
0
0
0.00206101
0.00206101
0.000922929
0.00196554
9.37929e-005
0.00302885
0.00302885
0.00302885
0
0
0.00139724
0
0.0013619
0.0013619
0
0
0.000667248
0.000397873
0.000342957
0.000308814
0.000308814
0.000110358
0.000110358
0.000158832
0.000117786
9.98405e-005
0.000101829
9.76021e-005
6.02239e-005
5.37236e-005
AGENT_2
0.564064
0.512795
0.481168
0.446678
0.418427
0.388977
0.357194
0.326836
0.298428
0.277185
0.250595
0.232811
0.216688
0.203952
0.19299
0.181367
0.171499
0.159623
0.145796
0.135414
0.127977
0.119878
0.112157
0.105154
0.0981656
0.0921455
0.0848586
0.0777499
0.0721511
0.0669478
0.0628429
0.0582382
0.0545137
0.0512873
0.0477879
0.04445
0.0414588
0.0385141
0.0359628
0.0335812
0.0312498
0.0287964
0.027021
0.0249763
0.0228664
0.0211743
0.0196067
0.0181671
0.0167827
0.0157744
0.0150606
0.0142655
0.0132963
0.0122001
0.0109556
0.0101237
0.00927351
0.00863553
0.00803107
0.00732242
0.00652632
0.00594053
0.00556025
0.00512346
0.00452903
0.00382573
0.00319257
0.00268863
0.00238267
0.00193771
0.00141895
0.00104177
0.000978373
0.000978373
0.000890703
0.00107509
0.00107525
0.00080872
0.00113472
0.000751744
0.000751744
0.00107747
0.00111243
0.00111243
0.000758074
0.00119287
0.00119287
0.00111854
0.00111854
0.00198142
0.00198142
0.00198142
0.000672569
0.000672569
0.000672569
0.000672569
0.000672569
0.000672569
0.00175119
0.000657682
0.000657682
0.000657682
0.00215533
0.000736588
0.000736588
0.00223617
0.00223617
0.000136693
0.00233219
0
0.00280325
0
0.00182885
0.00182885
0
0
0.000858706
0.000858706
0.00011698
0.00011698
0.00011698
0.000262227
0.000174833
0.000161692
0.000142588
0.000122556
0.000109664
9.21381e-005
7.51941e-005
6.08372e-005
5.38194e-005
4.227e-005
3.3926e-005
2.85599e-005
2.85599e-005
2.13822e-005
STATISTICAL_AREA_0
0.449887
0.413289
0.384703
0.359975
0.333553
0.305642
0.284583
0.268111
0.244186
0.224509
0.201216
0.181914
0.168406
0.15583
0.143949
0.132933
0.122474
0.1128
0.104075
0.0966486
0.0887476
0.0821852
0.0755193
0.0714489
0.0672286
0.0596048
0.0551206
0.0500432
0.0448622
0.0439685
0.0419612
0.0404219
0.0342756
0.0354339
0.0296043
0.0293126
0.0289336
0.0303594
0.0258889
0.0289161
0.0234677
0.0213517
0.0215784
0.0193173
0.0184322
0.0168409
0.0152847
0.011363
0.0101077
0.00952962
0.00822885
0.00753757
0.00630739
0.00557235
0.00441996
0.00379318
0.00375641
0.0034175
0.00321889
0.00285752
0.00285688
0.00225349
0.00234189
0.00248971
0.0022891
0.00263632
0.00260071
0.00264608
0.00272425
0.00293237
0.0024036
0.00219819
0.00246633
0.00243534
0.00240345
0.00228792
0.00206169
0.00193004
0.0016745
0.00147506
0.00151475
0.00146567
0.0013922
0.00135443
0.00150279
0.00154854
0.00161668
0.00170591
0.00191556
0.00179063
0.00185387
0.00173176
0.0015577
0.00147728
0.00132898
0.00145572
0.00133088
0.0015645
0.00145359
0.00156857
0.00137251
0.00148846
0.00138999
0.00151983
0.001441
0.00130522
0.00112026
0.00123881
0.00107083
0.00111006
0.000979487
0.000841714
0.000699222
0.000614043
0.000567014
0.000549192
0.000493988
0.00050483
0.000461
0.000447679
0.000366164
0.000311695
0.000276117
0.000226008
0.000186065
STATISTICAL_AREA_1
0.529437
0.467257
0.435547
0.410636
0.387543
0.360341
0.333312
0.315413
0.291124
0.272995
0.257665
0.236546
0.221252
0.20637
0.194052
0.179693
0.166197
0.15449
0.141975
0.131742
0.121221
0.113414
0.103007
0.0978267
0.0919523
0.0855087
0.0783311
0.0729934
0.0684512
0.0618996
0.0580264
0.0526615
0.0488195
0.0444187
0.0410044
0.0377643
0.0342154
0.0325062
0.0320386
0.0291929
0.0264797
0.0252257
0.0239678
0.0214779
0.0202218
0.0182994
0.017984
0.0167648
0.0164406
0.0148273
0.0136715
0.0128102
0.0108727
0.00960714
0.00878666
0.00833535
0.0075689
0.00680642
0.00578218
0.00542408
0.00486349
0.00434046
0.00370265
0.00289493
0.00238266
0.00218979
0.00191942
0.00188977
0.00151722
0.00137595
0.00156617
0.00150431
0.00165462
0.0016369
0.00191036
0.00202681
0.00177417
0.00189637
0.001649
0.00146069
0.00163141
0.00162454
0.00158823
0.00141629
0.0016752
0.00167595
0.00176971
0.00178127
0.00194619
0.00190556
0.00188089
0.00173166
0.00155549
0.00149886
0.00139479
0.00151225
0.00134045
0.00155762
0.00141061
0.00145879
0.0013232
0.00138072
0.00133423
0.00144585
0.0014188
0.00124048
0.0011193
0.00121368
0.00108031
0.00110351
0.000980855
0.000846231
0.000730416
0.000634621
0.000587783
0.000571232
0.000507668
0.000525515
0.000467063
0.000458981
0.000371939
0.000314395
0.000276805
0.000227543
0.000190675
0.000170529
0.000148605
0.0001222
0.00010669
9.355e-005
7.61756e-005
6.47025e-005
5.78677e-005
STATISTICAL_AREA_2
0.516762
0.472411
0.443722
0.419226
0.396472
0.37497
0.353869
0.332067
0.311668
0.291504
0.27369
0.257406
0.240564
0.223475
0.2103
0.196239
0.178904
0.166314
0.154886
0.143853
0.134879
0.126779
0.117242
0.109823
0.102342
0.0953228
0.088877
0.0831763
0.0774312
0.0714379
0.0663797
0.0624329
0.0574385
0.054321
0.0514888
0.047892
0.0452357
0.0425332
0.038742
0.0353511
0.0335636
0.0322429
0.0291153
0.0270555
0.0265851
0.0239683
0.0228329
0.0219931
0.020662
0.0188368
0.0170995
0.0160499
0.0149736
0.0141799
0.0132894
0.0117015
0.0105823
0.00951029
0.00841619
0.00666033
0.005395
0.0048844
0.00414212
0.00323031
0.00315116
0.00258906
0.00218161
0.00198594
0.00175614
0.00158743
0.00166089
0.00149737
0.00153075
0.0017451
0.00189497
0.00193857
0.00158538
0.0017083
0.00154877
0.00149559
0.00163757
0.00163542
0.00150595
0.00133621
0.00158218
0.00170906
0.0017379
0.00173907
0.00193977
0.00191738
0.00191661
0.00174317
0.00155023
0.0014761
0.00132377
0.00146878
0.0013459
0.00157898
0.00146306
0.00157959
0.0013753
0.00148846
0.00140025
0.00144814
0.00142162
0.00127301
0.00110928
0.00119735
0.00107911
0.00109289
0.000967788
0.000780507
0.000665112
0.000564877
0.000522258
0.000518197
0.000479698
0.000497952
0.00041698
0.000420226
0.000321298
0.000294751
0.000249437
0.000197218
0.000165925
0.000137588
0.000111895
9.43794e-005
8.01399e-005
7.19058e-005
6.12363e-005
5.16509e-005
4.64911e-005
3.64565e-005
3.61321e-005
2.98024e-005
===========================================================
bias: 0.5
tendency: 0.1
AGENT_0
0.364925
0.404897
0.429629
0.429629
0.430089
0.429236
0.429876
0.430592
0.429535
0.426533
0.423923
0.421764
0.419438
0.417091
0.415013
0.413426
0.411933
0.410533
0.409192
0.407966
0.406784
0.406133
0.405502
0.405723
0.405829
0.404981
0.403865
0.40328
0.402255
0.400879
0.399748
0.398806
0.39788
0.396206
0.394927
0.393694
0.393051
0.392731
0.392003
0.392048
0.391552
0.390648
0.3903
0.388786
0.385986
0.383666
0.38093
0.379028
0.376935
0.372679
0.36959
0.367077
0.364093
0.358508
0.350635
0.341892
0.340275
0.328761
0.327605
0.319431
0.318801
0.313961
0.313961
0.31956
0.315362
0.321182
0.313133
0.314196
0.314196
0.333302
0.315485
0.315485
0.325635
0.337281
0.349415
0.37389
0.37389
0.389619
0.393081
0.412163
0.433556
0.481387
0.481387
0.505017
0.442824
0.470328
0.426916
0.497759
0.456528
0.477871
0.527915
0.351248
0.351248
0.637507
0.179578
0.179578
0.179578
0.582263
0.582263
0.582263
0.315632
0.315632
0.568058
0.65334
0.663505
0.663505
0.663505
0.59016
0.512107
0.512107
0.512107
0.510982
0.499227
0.520267
0.466715
0.466715
0.624781
0.472529
0.592857
0.436049
0.567458
0.483457
0.512487
0.562947
0.51712
AGENT_1
0.521904
0.503351
0.49461
0.493106
0.491794
0.48888
0.487399
0.486381
0.486611
0.486312
0.48531
0.484478
0.483924
0.483324
0.483047
0.483478
0.482761
0.483007
0.483119
0.482768
0.48248
0.482077
0.481286
0.48068
0.479994
0.479001
0.47846
0.477497
0.476022
0.474527
0.473691
0.472114
0.470872
0.470614
0.469109
0.466928
0.466222
0.465109
0.464478
0.463398
0.463585
0.463697
0.463634
0.463592
0.462267
0.462024
0.461179
0.46003
0.459602
0.459795
0.459067
0.458269
0.458857
0.458154
0.458006
0.45794
0.457956
0.457341
0.456935
0.455943
0.455283
0.455283
0.453065
0.450228
0.446212
0.440231
0.434882
0.431121
0.428688
0.426442
0.418859
0.413054
0.402755
0.402293
0.403336
0.411831
0.404095
0.381216
0.435031
0.452321
0.616822
0.616822
0.420081
0.499323
0.313583
0.425339
0.370302
0.370302
0.641983
0.641983
0.291767
0.88519
0.0928436
0.0928436
1
1
0.227931
0.890647
0.190334
0.190334
0.79366
0.79366
0.79366
0.470931
0.470931
0.622866
0.376353
0.798167
0.336651
0.336651
0.336651
0.539249
0.539249
0.435422
0.609456
0.473756
0.473756
0.561504
0.561504
0.508878
0.537719
0.487785
0.581155
0.581155
0.484596
0.484596
0.527589
0.477185
0.51347
0.466394
0.505022
0.466965
0.469907
AGENT_2
0.564064
0.538449
0.526836
0.517751
0.511419
0.507288
0.505268
0.505409
0.506437
0.505522
0.505906
0.504757
0.503213
0.501242
0.498252
0.494995
0.49224
0.491294
0.491183
0.490099
0.488036
0.486687
0.485089
0.483055
0.481374
0.479629
0.477897
0.476149
0.47471
0.473001
0.471496
0.470296
0.469442
0.46896
0.468714
0.468188
0.467018
0.466222
0.465407
0.464768
0.464622
0.464475
0.464253
0.464234
0.463963
0.463559
0.463143
0.462682
0.462436
0.462259
0.462066
0.461963
0.4616
0.46123
0.460339
0.459686
0.45853
0.457756
0.456637
0.454219
0.450471
0.447698
0.445879
0.442952
0.435772
0.424581
0.411639
0.401535
0.396399
0.384849
0.367277
0.347173
0.328266
0.328266
0.369671
0.400957
0.428175
0.400373
0.486815
0.401376
0.401376
0.455383
0.518447
0.518447
0.507366
0.526482
0.526482
0.509806
0.509806
0.335451
0.335451
0.335451
0.478889
0.478889
0.478889
0.478889
0.478889
0.478889
0.556099
0.540967
0.540967
0.540967
0.294868
0.867724
0.867724
0.361321
0.361321
0.811696
0.406459
0.974701
0.182358
0.903144
0.114345
0.114345
0.795823
0.795823
0.352748
0.352748
0.625883
0.625883
0.625883
0.54808
0.563488
0.537763
0.536132
0.527933
0.52303
0.517012
0.506557
0.494627
0.496574
0.48053
0.464442
0.456058
0.456058
0.444283
STATISTICAL_AREA_0
0.449887
0.43719
0.431903
0.428513
0.421723
0.41294
0.415309
0.418197
0.412444
0.412428
0.4038
0.398957
0.399196
0.397597
0.398103
0.397872
0.396728
0.395604
0.395777
0.395648
0.393616
0.392155
0.389039
0.391327
0.392664
0.385058
0.382841
0.380213
0.375831
0.378074
0.377341
0.37773
0.369102
0.36826
0.364799
0.363028
0.361958
0.363555
0.359763
0.359546
0.356109
0.356397
0.358021
0.353985
0.359884
0.359121
0.357744
0.35311
0.350942
0.350368
0.345535
0.345536
0.339919
0.335793
0.326126
0.32404
0.324782
0.323324
0.318277
0.319494
0.321156
0.316706
0.316111
0.327162
0.317789
0.340473
0.349431
0.352478
0.352683
0.350574
0.352597
0.354578
0.394666
0.417953
0.39527
0.392119
0.444484
0.404993
0.451127
0.455154
0.499441
0.488126
0.463288
0.490745
0.446264
0.483414
0.483132
0.497312
0.468834
0.502707
0.495338
0.4592
0.473409
0.455393
0.521058
0.53341
0.462502
0.495022
0.48892
0.511518
0.449616
0.49192
0.512207
0.555616
0.530857
0.566549
0.534548
0.570433
0.521614
0.536584
0.488033
0.466953
0.484111
0.46463
0.507026
0.489877
0.493378
0.50205
0.501664
0.491811
0.507193
0.496441
0.522542
0.497444
0.491322
STATISTICAL_AREA_1
0.529437
0.496041
0.491732
0.489414
0.487348
0.483839
0.47914
0.482704
0.479366
0.481309
0.483381
0.477282
0.477452
0.476788
0.479151
0.477215
0.472347
0.471514
0.469353
0.468506
0.466489
0.467664
0.462007
0.464342
0.466539
0.465557
0.463282
0.460575
0.462337
0.457877
0.456716
0.45331
0.452543
0.447895
0.448598
0.44868
0.442148
0.448236
0.453549
0.450382
0.445356
0.447206
0.447696
0.441933
0.440285
0.437517
0.44096
0.439627
0.44511
0.441159
0.440811
0.435377
0.429117
0.424625
0.419782
0.424487
0.421295
0.414108
0.402668
0.398041
0.398782
0.393487
0.385622
0.368487
0.354472
0.357585
0.345755
0.35679
0.367851
0.353796
0.425286
0.400761
0.446489
0.470521
0.421134
0.394378
0.471741
0.418194
0.45681
0.466099
0.482424
0.503903
0.482424
0.488995
0.446958
0.484835
0.474682
0.484165
0.469067
0.48314
0.498231
0.457823
0.473446
0.455632
0.515938
0.547277
0.462795
0.491591
0.479886
0.485996
0.435897
0.489831
0.499337
0.538501
0.50828
0.514052
0.503803
0.536457
0.511157
0.521964
0.475534
0.455436
0.47881
0.453568
0.498015
0.477021
0.486006
0.48794
0.485949
0.47686
0.489311
0.481284
0.507437
0.483092
0.485116
0.482451
0.475476
0.475211
0.469201
0.473646
0.459767
0.459517
0.445992
STATISTICAL_AREA_2
0.516762
0.497364
0.491878
0.488844
0.486606
0.485329
0.484517
0.484066
0.483499
0.482126
0.481625
0.484016
0.483228
0.481174
0.481708
0.479709
0.477778
0.474967
0.472775
0.470793
0.471689
0.472
0.470046
0.470057
0.469136
0.468702
0.468202
0.468812
0.46718
0.465831
0.46389
0.465064
0.461774
0.46283
0.464083
0.462127
0.459354
0.458853
0.456032
0.45247
0.453495
0.456052
0.451712
0.454339
0.456619
0.451531
0.456047
0.454421
0.454418
0.451585
0.449162
0.449619
0.446445
0.445893
0.444589
0.438621
0.433419
0.426265
0.423366
0.395738
0.379424
0.379146
0.369402
0.357342
0.360349
0.351067
0.345641
0.336661
0.346828
0.366218
0.34994
0.372511
0.426981
0.446074
0.422866
0.426171
0.470538
0.417076
0.455874
0.456939
0.480486
0.511099
0.48575
0.492072
0.463595
0.494867
0.482939
0.491315
0.462801
0.487645
0.503314
0.466584
0.473989
0.455768
0.518791
0.529258
0.457811
0.491565
0.479434
0.511632
0.450796
0.49192
0.513419
0.553014
0.529496
0.554923
0.530045
0.581356
0.532055
0.548428
0.490709
0.465014
0.490442
0.463757
0.510838
0.487847
0.508152
0.516833
0.514811
0.508548
0.517901
0.5095
0.523
0.499546
0.494357
0.490458
0.47907
0.482055
0.471942
0.474021
0.466324
0.46476
0.457973
0.447152
0.446345
0.43744
===========================================================
bias: 0.6
tendency: 0.1
AGENT_0
0.364925
0.419171
0.465568
0.465568
0.49217
0.515622
0.541342
0.566593
0.591666
0.610761
0.627646
0.643769
0.661133
0.679692
0.695078
0.711505
0.725955
0.738621
0.750575
0.762813
0.774184
0.785463
0.795586
0.805507
0.816157
0.824611
0.832257
0.839356
0.846765
0.854279
0.860845
0.866226
0.873303
0.879678
0.886298
0.891058
0.894525
0.897873
0.901647
0.904865
0.908868
0.913307
0.917313
0.922651
0.929353
0.936283
0.943935
0.95155
0.959001
0.967529
0.974541
0.979228
0.983197
0.98684
0.990359
0.992631
0.992954
0.994762
0.995068
0.99599
0.995938
0.996345
0.996345
0.996684
0.996736
0.997151
0.997434
0.997559
0.997559
0.997111
0.996025
0.996025
0.9971
0.996919
0.997071
0.996846
0.996846
0.997508
0.996957
0.997396
0.997798
0.996796
0.996796
0.996974
0.995995
0.99297
0.993302
0.993054
0.98374
0.999159
0.974759
0.99342
0.99342
0.983248
0.988662
0.988662
0.988662
0.981128
0.981128
0.981128
0.99748
0.99748
0.973873
1
0.966064
0.966064
0.966064
1
0.976495
0.976495
0.976495
1
0.983834
0.99806
0.989769
0.989769
0.997071
0.991387
0.995554
0.995232
0.993949
0.995908
0.996005
0.996002
0.997141
AGENT_1
0.521904
0.533381
0.551888
0.580221
0.605354
0.630264
0.654907
0.681386
0.704936
0.726192
0.743597
0.760971
0.776219
0.792216
0.805783
0.819792
0.83069
0.842341
0.852557
0.86515
0.877502
0.887652
0.896214
0.902997
0.908448
0.913898
0.920059
0.924982
0.929481
0.934068
0.938319
0.942273
0.946092
0.949424
0.952709
0.956309
0.95932
0.961996
0.964653
0.967336
0.969516
0.971248
0.972806
0.974192
0.976059
0.977421
0.979215
0.980757
0.981904
0.982637
0.983735
0.985027
0.985932
0.986964
0.987946
0.988832
0.989667
0.990426
0.991008
0.991828
0.992432
0.992432
0.993512
0.99437
0.995063
0.995664
0.996068
0.99641
0.996671
0.996849
0.997152
0.997258
0.997355
0.997422
0.997367
0.996657
0.995811
0.993963
0.993338
0.992426
0.998556
0.998556
0.989711
0.994324
0.981009
0.999769
0.970993
0.970993
1
1
0.968452
1
0.966398
0.966398
1
1
0.974925
1
0.972301
0.972301
1
1
1
0.97943
0.97943
0.991533
0.981732
0.990483
0.98457
0.98457
0.98457
1
1
0.977122
1
0.978386
0.978386
1
1
0.992377
0.994725
0.996175
0.995612
0.995612
0.997503
0.997503
0.997779
0.997978
0.998547
0.998244
0.998594
0.998919
0.999172
AGENT_2
0.564064
0.564102
0.572304
0.588344
0.603788
0.624819
0.652299
0.682424
0.712114
0.731268
0.757972
0.773485
0.786867
0.796515
0.803131
0.810422
0.816997
0.828255
0.84263
0.852335
0.858026
0.865379
0.872317
0.878256
0.884686
0.890165
0.897263
0.904338
0.910065
0.915308
0.919534
0.924604
0.928904
0.932774
0.937103
0.941144
0.944483
0.947971
0.951036
0.954002
0.957114
0.960373
0.962716
0.96549
0.968251
0.970439
0.972475
0.974344
0.976236
0.977641
0.978639
0.979799
0.981158
0.982738
0.984483
0.985602
0.986753
0.987619
0.988419
0.989377
0.990466
0.991265
0.991764
0.992364
0.99321
0.994174
0.995037
0.995683
0.996073
0.996577
0.997147
0.997313
0.997466
0.997466
0.996444
0.996665
0.996639
0.997355
0.995833
0.99671
0.99671
0.996804
0.99465
0.99465
0.995382
0.993354
0.993354
0.993542
0.993542
0.985034
0.985034
0.985034
0.987799
0.987799
0.987799
0.987799
0.987799
0.987799
0.989775
0.980332
0.980332
0.980332
1
0.967086
0.967086
1
1
0.981537
0.996675
0.976169
1
0.981651
1
1
0.988346
0.988346
1
1
0.994422
0.994422
0.994422
0.998247
0.997322
0.998057
0.998103
0.998245
0.998354
0.998615
0.998838
0.99907
0.999152
0.999334
0.999462
0.999541
0.999541
0.999645
STATISTICAL_AREA_0
0.449887
0.461092
0.479684
0.498851
0.513966
0.527851
0.557238
0.583101
0.601524
0.627319
0.642201
0.660825
0.682077
0.69987
0.720801
0.739952
0.756789
0.772798
0.790505
0.803977
0.817292
0.828329
0.840711
0.851111
0.862147
0.873305
0.881536
0.891143
0.900754
0.905241
0.911562
0.917308
0.926079
0.926942
0.936834
0.93997
0.941155
0.939018
0.947639
0.943579
0.954034
0.959268
0.959514
0.963839
0.967224
0.970414
0.973296
0.97797
0.98044
0.982097
0.984515
0.986263
0.988571
0.989723
0.991174
0.991935
0.992202
0.992355
0.992744
0.993516
0.993423
0.99393
0.994222
0.994292
0.994182
0.995099
0.994956
0.99413
0.994268
0.994071
0.994473
0.994871
0.994598
0.993591
0.993826
0.993623
0.993432
0.993797
0.993244
0.995364
0.994473
0.993873
0.992911
0.992343
0.990884
0.989777
0.988086
0.987813
0.985452
0.984622
0.983375
0.98285
0.984901
0.983488
0.984077
0.982394
0.984273
0.98367
0.985103
0.985464
0.986342
0.98536
0.987095
0.986084
0.988149
0.987993
0.98864
0.988329
0.989384
0.989295
0.989869
0.991223
0.990952
0.992671
0.991971
0.993174
0.993146
0.993568
0.994116
0.994044
0.994946
0.995703
0.995983
0.996663
0.997181
STATISTICAL_AREA_1
0.529437
0.524825
0.548029
0.568403
0.587549
0.608615
0.627743
0.65336
0.673141
0.696078
0.715869
0.727878
0.744881
0.760188
0.777551
0.791307
0.799401
0.811844
0.823799
0.835014
0.845735
0.856604
0.864189
0.872901
0.883004
0.890516
0.897987
0.902598
0.910541
0.916692
0.920433
0.926693
0.931695
0.935317
0.941306
0.946582
0.948595
0.954481
0.956711
0.9599
0.962014
0.964385
0.966325
0.968058
0.969897
0.972226
0.973992
0.975519
0.977142
0.97855
0.980608
0.981669
0.983841
0.985952
0.987007
0.987204
0.988326
0.989037
0.989558
0.990442
0.991124
0.991948
0.992986
0.993467
0.993867
0.994315
0.99574
0.99485
0.995542
0.994509
0.993677
0.992294
0.992281
0.991454
0.991021
0.990097
0.989763
0.990473
0.990453
0.99218
0.991807
0.991353
0.988418
0.990082
0.987464
0.987442
0.986278
0.986567
0.985418
0.983828
0.982963
0.982817
0.984953
0.983629
0.984287
0.982878
0.984197
0.983361
0.985245
0.984685
0.986001
0.985568
0.986718
0.985748
0.986881
0.987523
0.987589
0.987604
0.988807
0.988988
0.98944
0.990675
0.990361
0.992095
0.991485
0.992601
0.992817
0.993109
0.993835
0.993725
0.994705
0.99555
0.995913
0.996586
0.997081
0.997286
0.99769
0.99806
0.998301
0.998533
0.998757
0.998962
0.999048
STATISTICAL_AREA_2
0.516762
0.522317
0.540033
0.558588
0.57715
0.596454
0.616383
0.637907
0.65788
0.676374
0.694114
0.714887
0.731323
0.746136
0.761077
0.773519
0.788223
0.798809
0.809249
0.819457
0.831056
0.841233
0.850354
0.859382
0.867675
0.87608
0.8838
0.891442
0.897701
0.904305
0.909451
0.915612
0.919962
0.924948
0.929635
0.933257
0.935043
0.938544
0.942489
0.946288
0.949181
0.952439
0.955678
0.960125
0.961446
0.963251
0.966684
0.967325
0.969294
0.971398
0.973469
0.975298
0.977129
0.978722
0.980369
0.982173
0.984379
0.985344
0.986653
0.988885
0.990462
0.991247
0.991772
0.993316
0.993132
0.994046
0.994648
0.99417
0.994263
0.994327
0.994193
0.994343
0.994106
0.992891
0.991819
0.992217
0.991837
0.992555
0.991987
0.993238
0.992269
0.991371
0.988986
0.99065
0.989714
0.98685
0.987356
0.987143
0.985144
0.984107
0.982421
0.98282
0.984939
0.983488
0.983927
0.982154
0.98417
0.983546
0.984832
0.985369
0.986402
0.98536
0.987049
0.987008
0.988352
0.988359
0.988619
0.988794
0.989423
0.989821
0.990208
0.992058
0.991521
0.993558
0.992865
0.993673
0.993667
0.993974
0.995107
0.994751
0.995794
0.99612
0.996433
0.997157
0.997525
0.99784
0.998319
0.998541
0.998761
0.998904
0.999012
0.999192
0.999248
0.999406
0.999406
0.999503
===========================================================
bias: 0.7
tendency: 0.1
AGENT_0
0.364925
0.433446
0.501767
0.501767
0.554184
0.600562
0.648234
0.692807
0.73578
0.767126
0.792528
0.814828
0.837133
0.858914
0.875398
0.891746
0.904677
0.915284
0.924557
0.933182
0.940564
0.947017
0.952424
0.957128
0.961866
0.965554
0.968742
0.971491
0.974205
0.97678
0.978898
0.980544
0.982491
0.984158
0.985757
0.986904
0.987806
0.988721
0.989562
0.990349
0.991191
0.992029
0.992789
0.993603
0.994494
0.995337
0.996183
0.996953
0.997642
0.998345
0.99887
0.999186
0.999423
0.999601
0.999748
0.999828
0.999831
0.999889
0.99989
0.999913
0.999916
0.999918
0.999918
0.999926
0.999919
0.999934
0.999931
0.999914
0.999914
0.999934
0.999869
0.999869
0.999951
0.999914
0.999949
0.999929
0.999929
0.999952
0.999913
0.999952
0.999928
0.999933
0.999933
0.999936
0.999893
0.999806
0.999784
0.999741
0.999747
0.999893
0.999575
0.999856
0.999856
0.999413
1
1
1
0.999522
0.999522
0.999522
1
1
0.999519
1
0.999482
0.999482
0.999482
1
0.999687
0.999687
0.999687
1
0.999708
0.999921
0.999731
0.999731
0.999745
0.999799
0.999603
0.999737
0.999453
0.999821
0.99974
0.999778
0.999872
AGENT_1
0.521904
0.563411
0.608633
0.664581
0.711567
0.756407
0.796131
0.834314
0.863421
0.88671
0.904354
0.919996
0.932222
0.943615
0.952041
0.959709
0.965268
0.970617
0.974835
0.979593
0.983631
0.986535
0.98868
0.990224
0.991345
0.992367
0.993524
0.994359
0.99505
0.995708
0.996265
0.996723
0.997147
0.997482
0.997799
0.998133
0.998374
0.998577
0.998758
0.998934
0.999057
0.999149
0.999227
0.999286
0.999377
0.999416
0.999495
0.999562
0.999597
0.99961
0.999648
0.999696
0.999723
0.999757
0.999786
0.999809
0.999831
0.999849
0.99986
0.999879
0.99989
0.99989
0.999912
0.999927
0.999937
0.999944
0.999947
0.999949
0.99995
0.999949
0.99995
0.999947
0.999942
0.99994
0.99993
0.999902
0.999876
0.999799
0.999759
0.99981
0.999911
0.999911
0.999773
0.999739
0.99955
0.999976
0.999161
0.999161
1
1
0.999204
1
0.999159
0.999159
1
1
0.999412
1
0.999278
0.999278
1
1
1
0.999689
0.999689
0.999756
0.999704
0.999585
0.999741
0.999741
0.999741
0.999317
0.999317
1
0.999098
1
1
0.999364
0.999364
1
0.999528
0.999995
0.9996
0.9996
1
1
0.999847
0.999976
0.999901
0.999984
0.999915
0.999979
0.999968
AGENT_2
0.564064
0.589756
0.617274
0.656916
0.691416
0.732373
0.779632
0.824741
0.863213
0.884917
0.912091
0.925112
0.935458
0.942134
0.94636
0.951162
0.955398
0.961757
0.968809
0.973074
0.975462
0.978233
0.980773
0.982833
0.984839
0.98646
0.988306
0.989972
0.991242
0.992354
0.99323
0.994133
0.994865
0.995439
0.995997
0.996506
0.996914
0.99729
0.997617
0.997915
0.998192
0.998457
0.998637
0.998834
0.999011
0.999141
0.999253
0.999346
0.999432
0.999493
0.999533
0.999575
0.999623
0.999676
0.999731
0.999764
0.999794
0.999816
0.999834
0.999854
0.999874
0.999888
0.999896
0.999905
0.999915
0.999926
0.999935
0.999941
0.999943
0.999945
0.999947
0.999941
0.999948
0.999948
0.99994
0.999938
0.999937
0.999927
0.999896
0.999951
0.999951
0.999889
0.999944
0.999944
0.999799
0.9998
0.9998
0.999767
0.999767
0.999982
0.999982
0.999982
0.999314
0.999314
0.999314
0.999314
0.999314
0.999314
1
0.99943
0.99943
0.99943
1
0.999467
0.999467
1
1
0.999754
1
0.999691
1
0.999804
1
1
0.999836
0.999836
1
1
0.999887
0.999887
0.999887
0.999973
0.999929
0.999954
0.999953
0.999951
0.999955
0.999962
0.999968
0.999973
0.999976
0.999979
0.999979
0.999979
0.999979
0.99998
STATISTICAL_AREA_0
0.449887
0.484993
0.527591
0.568916
0.604991
0.639756
0.691041
0.732283
0.765781
0.803299
0.828046
0.852984
0.875445
0.892879
0.910328
0.924628
0.935911
0.945416
0.954583
0.960534
0.966181
0.970288
0.974448
0.977492
0.980558
0.983587
0.985488
0.987498
0.989432
0.989879
0.990764
0.991466
0.993021
0.992745
0.994341
0.994462
0.994235
0.993336
0.994894
0.9939
0.995524
0.996195
0.996255
0.996792
0.997316
0.997662
0.997984
0.99868
0.998895
0.999034
0.999226
0.999373
0.999513
0.999594
0.999679
0.999706
0.999722
0.999737
0.999765
0.999802
0.999811
0.999805
0.999812
0.999808
0.999803
0.99982
0.999796
0.999768
0.999794
0.999764
0.999815
0.999824
0.999807
0.999783
0.999823
0.999774
0.999782
0.999747
0.999754
0.999823
0.999838
0.999808
0.999775
0.999715
0.999681
0.999646
0.999613
0.999653
0.999601
0.999588
0.999591
0.999584
0.999552
0.999546
0.999608
0.999588
0.999674
0.999683
0.99973
0.999697
0.99971
0.999753
0.999762
0.99974
0.999718
0.999675
0.999717
0.999625
0.99954
0.999401
0.999426
0.999519
0.999415
0.999494
0.999413
0.999468
0.999433
0.999443
0.999485
0.999446
0.99964
0.999707
0.999758
0.999819
0.999868
STATISTICAL_AREA_1
0.529437
0.553608
0.603793
0.645034
0.6822
0.722461
0.757858
0.794517
0.824467
0.85266
0.874314
0.889051
0.905131
0.918418
0.9314
0.941692
0.947529
0.95484
0.961407
0.966811
0.971655
0.975777
0.978961
0.98157
0.984421
0.986448
0.988313
0.989442
0.99103
0.992297
0.992975
0.994036
0.994813
0.995343
0.996113
0.996713
0.996951
0.997509
0.997692
0.997984
0.998189
0.998379
0.998528
0.99864
0.998781
0.998961
0.999059
0.999131
0.999242
0.999338
0.999438
0.99946
0.999568
0.999656
0.999686
0.999695
0.999729
0.999736
0.999717
0.999739
0.999751
0.999774
0.999797
0.999775
0.999788
0.999787
0.999855
0.999795
0.999832
0.999746
0.999714
0.999562
0.999594
0.999531
0.999584
0.99952
0.999483
0.999469
0.999557
0.999638
0.999707
0.999628
0.999527
0.999589
0.999539
0.999575
0.999489
0.999596
0.999577
0.999544
0.999566
0.999573
0.99954
0.999582
0.999618
0.999586
0.999618
0.999564
0.999632
0.999496
0.999346
0.999391
0.999405
0.999264
0.999236
0.999196
0.999225
0.999153
0.999301
0.999273
0.999234
0.999305
0.999304
0.999363
0.999317
0.999357
0.999377
0.999359
0.999437
0.999399
0.999603
0.999689
0.999756
0.999817
0.999864
0.999871
0.999898
0.999919
0.999937
0.999946
0.999955
0.999963
0.999965
STATISTICAL_AREA_2
0.516762
0.54727
0.587777
0.62667
0.663625
0.699479
0.734119
0.768785
0.798522
0.824434
0.846724
0.868637
0.885784
0.900153
0.912587
0.923236
0.93571
0.943379
0.950325
0.956231
0.961995
0.966905
0.971098
0.974771
0.978037
0.98104
0.983563
0.985707
0.987571
0.989311
0.990556
0.991828
0.992772
0.993679
0.994452
0.995068
0.995353
0.995857
0.99646
0.996982
0.997274
0.99757
0.997934
0.998341
0.998381
0.998548
0.998803
0.998801
0.998925
0.999073
0.999201
0.999283
0.999357
0.999414
0.999466
0.999553
0.999629
0.999659
0.999714
0.999755
0.999793
0.999803
0.999815
0.999842
0.999833
0.999827
0.999816
0.999793
0.999813
0.99977
0.999814
0.999799
0.999786
0.999752
0.999725
0.999671
0.999686
0.999648
0.999709
0.999747
0.999729
0.999673
0.999598
0.999646
0.999628
0.999565
0.999565
0.999626
0.999583
0.999563
0.999573
0.999587
0.999537
0.999546
0.999604
0.999595
0.999675
0.999683
0.999728
0.999704
0.999711
0.999753
0.999773
0.999772
0.999727
0.999725
0.999753
0.99976
0.999737
0.999638
0.999589
0.999694
0.999608
0.999714
0.99966
0.999542
0.999604
0.99955
0.999717
0.999641
0.999776
0.999769
0.999797
0.999861
0.999893
0.999907
0.99994
0.999946
0.99996
0.999964
0.999962
0.999969
0.999969
0.999974
0.999972
0.999976
===========================================================
bias: 0.8
tendency: 0.1
AGENT_0
0.364925
0.44772
0.53809
0.53809
0.614579
0.679742
0.741999
0.795622
0.842654
0.872605
0.89414
0.911385
0.927336
0.941599
0.951518
0.961014
0.967767
0.97307
0.977434
0.981171
0.984169
0.986525
0.988409
0.989895
0.991349
0.992484
0.993445
0.99424
0.994991
0.995669
0.996209
0.996615
0.99706
0.997432
0.997769
0.998016
0.998224
0.99844
0.998608
0.998771
0.998927
0.999071
0.999198
0.999317
0.999436
0.99954
0.999638
0.999721
0.99979
0.999858
0.999906
0.999933
0.999951
0.999963
0.999973
0.999978
0.999977
0.999984
0.999984
0.999987
0.999987
0.999987
0.999987
0.999986
0.999986
0.999985
0.999984
0.999982
0.999982
0.999989
0.999981
0.999981
0.999989
0.999984
0.999989
0.999985
0.999985
0.999989
0.999985
0.999989
0.999984
0.999987
0.999987
0.999986
0.99999
0.999969
0.999996
0.999939
1
0.999958
1
0.999928
0.999928
1
0.999932
0.999932
0.999932
1
1
1
0.999947
0.999947
1
0.99996
1
1
1
0.999964
1
1
1
0.99995
0.999977
0.999926
0.999997
0.999997
0.999845
1
0.999826
0.99994
0.999772
0.999991
0.999907
0.999964
0.999972
AGENT_1
0.521904
0.593442
0.664268
0.743399
0.803817
0.85576
0.895452
0.927902
0.947981
0.961562
0.971125
0.978462
0.983554
0.987728
0.990423
0.992631
0.994134
0.995477
0.996428
0.997411
0.998139
0.998607
0.998906
0.99911
0.999243
0.999355
0.999495
0.999583
0.99965
0.99971
0.999758
0.999792
0.999825
0.999849
0.999871
0.999896
0.99991
0.999922
0.999932
0.999942
0.999947
0.999951
0.999953
0.999954
0.999958
0.999959
0.999964
0.999966
0.999968
0.999967
0.999969
0.999972
0.999974
0.999975
0.999977
0.999978
0.999979
0.999979
0.999979
0.99998
0.999979
0.999979
0.999981
0.999982
0.999983
0.999983
0.999983
0.999983
0.999983
0.999982
0.999982
0.999981
0.999982
0.999983
0.999983
0.999981
0.999978
0.999972
0.999965
0.999985
0.999973
0.999973
0.999987
0.99996
0.999971
0.999979
0.99993
0.99993
1
1
0.999909
1
0.999904
0.999904
1
1
0.999935
1
0.999921
0.999921
1
1
1
0.99996
0.99996
0.999962
0.999945
0.999917
0.99997
0.99997
0.99997
0.999691
0.999691
1
0.999768
1
1
0.999806
0.999806
1
0.999866
0.999999
0.9999
0.9999
1
1
0.999967
0.999998
0.999977
0.999997
0.999981
0.999992
0.999991
AGENT_2
0.564064
0.61541
0.661447
0.722
0.770689
0.822867
0.875714
0.917905
0.947125
0.960115
0.975085
0.980327
0.984263
0.986475
0.987733
0.989377
0.990841
0.992809
0.994693
0.995717
0.996268
0.996843
0.997382
0.997801
0.998165
0.998451
0.998736
0.998976
0.999157
0.999314
0.999436
0.999542
0.999625
0.999681
0.999728
0.999772
0.999807
0.999835
0.99986
0.999883
0.999901
0.999918
0.999928
0.99994
0.999949
0.999955
0.99996
0.999963
0.999967
0.999968
0.999968
0.999969
0.999971
0.999974
0.999977
0.999978
0.999978
0.999978
0.999979
0.999979
0.99998
0.999981
0.99998
0.99998
0.999982
0.999984
0.999985
0.999985
0.999985
0.999985
0.999987
0.999989
0.999991
0.999991
0.999989
0.999988
0.99999
0.999987
0.999988
0.99999
0.99999
0.999985
0.999992
0.999992
0.999981
0.999979
0.999979
0.999983
0.999983
0.999995
0.999995
0.999995
0.99994
0.99994
0.99994
0.99994
0.99994
0.99994
1
0.999961
0.999961
0.999961
1
0.999958
0.999958
1
1
0.999976
1
0.99997
1
0.99997
1
1
0.99996
0.99996
1
1
0.999974
0.999974
0.999974
0.999995
0.99998
0.99999
0.999987
0.999986
0.999987
0.999989
0.99999
0.999991
0.999991
0.999991
0.99999
0.999989
0.999989
0.999989
STATISTICAL_AREA_0
0.449887
0.508895
0.575172
0.636667
0.689778
0.739033
0.801009
0.844505
0.878165
0.910021
0.929324
0.946026
0.958419
0.966961
0.974516
0.98003
0.984048
0.987175
0.989927
0.991636
0.993135
0.994173
0.995081
0.99582
0.996526
0.997153
0.997563
0.997935
0.9983
0.998325
0.998471
0.998582
0.998878
0.998802
0.999106
0.999112
0.999052
0.998852
0.999176
0.998992
0.999285
0.999398
0.999434
0.999523
0.999614
0.999667
0.999717
0.999838
0.999867
0.999888
0.999911
0.999929
0.999946
0.999953
0.999957
0.999966
0.999971
0.999972
0.999974
0.999974
0.999977
0.999971
0.999973
0.999971
0.999967
0.99997
0.999964
0.999965
0.999971
0.999968
0.999975
0.999977
0.999974
0.99997
0.999969
0.999965
0.999967
0.999963
0.999968
0.999974
0.999977
0.999972
0.999974
0.999966
0.999959
0.99996
0.999953
0.999961
0.999956
0.999962
0.999951
0.99995
0.999953
0.999949
0.999958
0.99996
0.999962
0.999964
0.999968
0.999965
0.999965
0.999969
0.99996
0.999968
0.999958
0.999921
0.999909
0.999925
0.999814
0.999788
0.999764
0.999775
0.999767
0.999798
0.999787
0.999754
0.999806
0.999754
0.999806
0.999761
0.999878
0.999924
0.99995
0.999961
0.999968
STATISTICAL_AREA_1
0.529437
0.582392
0.658381
0.716871
0.766259
0.816326
0.856246
0.890657
0.916963
0.937925
0.952033
0.961184
0.969771
0.976143
0.981726
0.985867
0.987969
0.990352
0.992364
0.993866
0.99513
0.996112
0.996853
0.997374
0.997911
0.998266
0.998568
0.998751
0.998987
0.99917
0.999264
0.999403
0.999501
0.999555
0.999646
0.999708
0.999724
0.999787
0.999804
0.99983
0.999849
0.999866
0.999879
0.999878
0.999891
0.999911
0.999919
0.999919
0.999934
0.99994
0.999948
0.999945
0.999954
0.999963
0.999962
0.999961
0.999963
0.999961
0.99995
0.999952
0.999949
0.999953
0.999958
0.999957
0.999959
0.999965
0.999969
0.999959
0.999964
0.999947
0.999939
0.999913
0.999925
0.999915
0.999922
0.999925
0.999909
0.999916
0.99993
0.999938
0.999959
0.999951
0.99994
0.999947
0.999938
0.999947
0.999935
0.999952
0.999953
0.999951
0.99995
0.999951
0.99995
0.999957
0.999958
0.999945
0.999949
0.999939
0.999934
0.999863
0.999757
0.999767
0.999764
0.99971
0.999706
0.999703
0.999681
0.999699
0.999712
0.999726
0.999691
0.999708
0.999733
0.999761
0.99976
0.999721
0.999788
0.999724
0.999791
0.999745
0.999866
0.999918
0.999949
0.99996
0.999967
0.999973
0.999979
0.999984
0.999985
0.999987
0.999987
0.99999
0.999989
STATISTICAL_AREA_2
0.516762
0.572223
0.634703
0.691395
0.742133
0.78757
0.827706
0.863868
0.891585
0.913533
0.930393
0.944491
0.955091
0.963111
0.969397
0.974842
0.981682
0.984884
0.987589
0.989627
0.991468
0.99303
0.994278
0.995296
0.996178
0.996928
0.997508
0.997946
0.998338
0.998675
0.998894
0.999097
0.999248
0.999378
0.99948
0.999562
0.999599
0.999657
0.999728
0.999781
0.999806
0.999829
0.999861
0.999894
0.99989
0.999905
0.999923
0.999919
0.999926
0.999936
0.999944
0.999948
0.99995
0.999952
0.999954
0.999959
0.999963
0.999965
0.999968
0.999971
0.999974
0.999972
0.999972
0.999974
0.999977
0.999971
0.999965
0.999966
0.999971
0.999965
0.999977
0.99997
0.999963
0.99996
0.999954
0.999951
0.99995
0.99995
0.999961
0.999959
0.999961
0.999962
0.999951
0.999954
0.999953
0.99995
0.999949
0.999957
0.999953
0.999956
0.999949
0.999951
0.999951
0.999949
0.99996
0.999963
0.999962
0.999965
0.999969
0.999967
0.999966
0.999969
0.999969
0.999973
0.999958
0.99995
0.999955
0.999959
0.999939
0.999909
0.999894
0.999859
0.99988
0.999903
0.999903
0.999798
0.999874
0.999803
0.999897
0.999847
0.999918
0.999946
0.999956
0.999968
0.999971
0.999979
0.999983
0.999987
0.999987
0.999989
0.999987
0.999989
0.999988
0.999988
0.999988
0.999988
===========================================================
bias: 0.9
tendency: 0.1
AGENT_0
0.364925
0.461994
0.574401
0.574401
0.671948
0.749915
0.817871
0.870453
0.911107
0.932794
0.946713
0.957165
0.966406
0.974232
0.97945
0.984452
0.987721
0.990241
0.992229
0.993822
0.995039
0.995914
0.996593
0.997084
0.997561
0.997943
0.998263
0.99852
0.998753
0.998957
0.999113
0.999228
0.999346
0.999443
0.999528
0.999589
0.999643
0.999698
0.999736
0.999774
0.999807
0.999836
0.999861
0.999882
0.999903
0.99992
0.999935
0.999948
0.999958
0.999969
0.999977
0.999981
0.999984
0.999985
0.999988
0.999989
0.999988
0.999991
0.99999
0.999992
0.999992
0.999993
0.999993
0.999991
0.999994
0.999991
0.999992
0.999993
0.999993
0.999993
0.999992
0.999992
0.999992
0.999993
0.999992
0.999993
0.999993
0.999994
0.999994
0.999994
0.999994
0.999992
0.999992
0.999994
0.999991
0.999994
0.999991
0.999995
0.999988
1
0.99998
1
1
0.999977
1
1
1
0.999979
0.999979
0.999979
1
1
0.999979
1
0.999979
0.999979
0.999979
1
0.999977
0.999977
0.999977
1
0.999964
1
0.99995
0.99995
0.999984
0.999948
0.999942
0.999949
0.999889
1
0.999966
0.999983
0.99999
AGENT_1
0.521904
0.623472
0.718218
0.814196
0.877685
0.924313
0.95374
0.973406
0.982933
0.988389
0.992301
0.994831
0.996424
0.997575
0.998233
0.998734
0.99906
0.999336
0.99951
0.999677
0.999785
0.999849
0.999882
0.999906
0.999919
0.99993
0.999947
0.999956
0.999961
0.999967
0.999971
0.999974
0.999976
0.999978
0.99998
0.999982
0.999983
0.999984
0.999985
0.999985
0.999986
0.999985
0.999985
0.999984
0.999984
0.999985
0.999986
0.999985
0.999986
0.999985
0.999986
0.999987
0.999987
0.999987
0.999988
0.999988
0.999988
0.999988
0.999987
0.999988
0.999987
0.999987
0.999988
0.999989
0.999989
0.99999
0.999989
0.999989
0.999989
0.999989
0.999989
0.999988
0.99999
0.99999
0.999991
0.999991
0.999991
0.999994
0.999989
0.999995
0.999987
0.999987
0.999997
0.999987
0.999998
0.999982
1
1
0.999983
0.999983
1
0.999977
1
1
0.999984
0.999984
1
0.999979
1
1
0.99998
0.99998
0.99998
1
1
0.999954
1
0.999909
1
1
1
0.999831
0.999831
1
0.999864
1
1
0.999888
0.999888
1
0.999934
1
0.999959
0.999959
1
1
0.999985
1
0.999985
1
0.999987
0.999999
0.999992
AGENT_2
0.564064
0.641063
0.704526
0.782257
0.838854
0.892573
0.938654
0.967754
0.98324
0.988312
0.994143
0.995459
0.996517
0.99705
0.997353
0.997832
0.998252
0.998731
0.999115
0.999311
0.999419
0.999516
0.999619
0.999696
0.999755
0.999802
0.999842
0.999874
0.9999
0.999922
0.999939
0.999951
0.99996
0.999964
0.999968
0.999972
0.999975
0.999977
0.999979
0.999981
0.999982
0.999984
0.999984
0.999986
0.999987
0.999987
0.999987
0.999987
0.999987
0.999987
0.999986
0.999986
0.999986
0.999987
0.999989
0.999988
0.999988
0.999988
0.999988
0.999988
0.999988
0.999989
0.999988
0.999988
0.999989
0.999991
0.999991
0.999991
0.999991
0.999991
0.999993
0.999994
0.999996
0.999996
0.999994
0.999995
0.999995
0.999997
0.999993
0.999997
0.999997
0.999992
0.999996
0.999996
0.999994
0.999994
0.999994
0.999996
0.999996
0.999993
0.999993
0.999993
0.999997
0.999997
0.999997
0.999997
0.999997
0.999997
0.99999
1
1
1
0.999984
1
1
0.999985
0.999985
1
0.999985
1
0.99998
1
0.999981
0.999981
1
1
0.999983
0.999983
1
1
1
0.999988
0.999996
0.999992
0.999994
0.999992
0.999994
0.999993
0.999994
0.999994
0.999994
0.999994
0.999994
0.999993
0.999993
0.999993
STATISTICAL_AREA_0
0.449887
0.532797
0.621972
0.700218
0.764376
0.81956
0.880571
0.916356
0.941363
0.961554
0.972365
0.980688
0.9859
0.989253
0.991982
0.993842
0.995211
0.996265
0.997134
0.997722
0.998176
0.998489
0.998724
0.998949
0.999156
0.999321
0.999437
0.999526
0.999617
0.999621
0.999659
0.999687
0.999758
0.999743
0.999812
0.999814
0.999804
0.999765
0.999836
0.999797
0.999856
0.999878
0.999889
0.999906
0.999925
0.999935
0.999944
0.999966
0.999972
0.999976
0.99998
0.999983
0.999986
0.999986
0.999986
0.999988
0.999988
0.999989
0.999989
0.999989
0.999989
0.999988
0.999989
0.999987
0.999987
0.999989
0.999988
0.99999
0.99999
0.999988
0.999989
0.99999
0.99999
0.999988
0.999989
0.99999
0.99999
0.99999
0.999988
0.99999
0.999991
0.999989
0.999991
0.99999
0.999988
0.999988
0.999989
0.999989
0.999988
0.999988
0.999988
0.999986
0.999989
0.999987
0.999987
0.999986
0.999986
0.999985
0.999987
0.999989
0.999987
0.999988
0.999983
0.999985
0.999975
0.999956
0.999945
0.999957
0.999866
0.999861
0.999854
0.999863
0.999864
0.999869
0.999854
0.999845
0.999877
0.999844
0.99989
0.99985
0.999942
0.999969
0.999982
0.999988
0.999989
STATISTICAL_AREA_1
0.529437
0.611175
0.711147
0.781757
0.836296
0.886312
0.921131
0.946195
0.963768
0.975806
0.982983
0.987331
0.990922
0.993326
0.995265
0.996608
0.997219
0.997868
0.998406
0.998777
0.999078
0.999301
0.999462
0.999564
0.999665
0.999726
0.999776
0.999806
0.999844
0.999874
0.999889
0.999911
0.999925
0.999929
0.999945
0.999953
0.999951
0.999963
0.999965
0.999968
0.99997
0.999972
0.999973
0.999969
0.999971
0.999976
0.999977
0.999975
0.999978
0.999979
0.99998
0.999979
0.99998
0.999983
0.999982
0.999982
0.999982
0.999981
0.999977
0.999977
0.999976
0.999978
0.99998
0.999982
0.999984
0.999983
0.999987
0.999987
0.999984
0.999983
0.999978
0.999973
0.999982
0.999976
0.99998
0.999976
0.999971
0.999974
0.999975
0.99998
0.999986
0.999984
0.999984
0.999983
0.999983
0.999984
0.999984
0.999985
0.999987
0.999984
0.999988
0.999986
0.999988
0.99999
0.999988
0.999977
0.999979
0.999973
0.999968
0.999925
0.999842
0.999845
0.999855
0.999809
0.999812
0.999819
0.999803
0.99982
0.999806
0.999829
0.99982
0.99984
0.99985
0.999858
0.999844
0.999831
0.999872
0.99983
0.999882
0.999843
0.999935
0.999965
0.999981
0.999987
0.999988
0.99999
0.999991
0.999992
0.999992
0.999993
0.999992
0.999993
0.999993
STATISTICAL_AREA_2
0.516762
0.597176
0.680402
0.751248
0.809834
0.857235
0.894675
0.924469
0.944711
0.959291
0.969408
0.976623
0.982001
0.985703
0.988457
0.990924
0.994424
0.995607
0.996562
0.997219
0.997786
0.998282
0.998656
0.998947
0.999195
0.999391
0.99953
0.999627
0.999714
0.999785
0.999827
0.999863
0.999889
0.99991
0.999926
0.999937
0.999943
0.999951
0.99996
0.999967
0.999969
0.999971
0.999975
0.999978
0.999977
0.999978
0.99998
0.999979
0.999979
0.99998
0.999981
0.999981
0.999982
0.999981
0.999982
0.999982
0.999984
0.999983
0.999984
0.999986
0.999985
0.999988
0.999987
0.999989
0.999989
0.999986
0.999988
0.999989
0.999988
0.999985
0.999987
0.999986
0.999988
0.999983
0.999988
0.999985
0.999985
0.999985
0.999985
0.999986
0.999987
0.999985
0.999987
0.999986
0.999987
0.999987
0.999988
0.999988
0.999987
0.999986
0.999988
0.999987
0.999989
0.999987
0.999988
0.999988
0.999987
0.999986
0.999989
0.99999
0.999988
0.999988
0.999988
0.999985
0.999978
0.999973
0.999976
0.999983
0.999966
0.999947
0.999944
0.999929
0.999933
0.999943
0.999941
0.999876
0.999911
0.999872
0.999948
0.999907
0.999962
0.999976
0.999982
0.999988
0.999989
0.999991
0.999992
0.999992
0.999992
0.999993
0.999992
0.999992
0.999992
0.999992
0.999992
0.999992
===========================================================
bias: 1
tendency: 0.1
AGENT_0
0.364925
0.476268
0.610564
0.610564
0.725127
0.809312
0.875243
0.920367
0.950753
0.964107
0.972064
0.977949
0.983129
0.987414
0.990247
0.99299
0.994664
0.995939
0.99691
0.997645
0.998184
0.998543
0.998815
0.998997
0.999175
0.999321
0.999442
0.999536
0.999619
0.999689
0.999741
0.999777
0.999813
0.999843
0.999867
0.999884
0.9999
0.999915
0.999925
0.999935
0.999943
0.99995
0.999956
0.999961
0.999966
0.99997
0.999974
0.999977
0.999981
0.999984
0.999987
0.999988
0.999989
0.99999
0.999992
0.999992
0.999992
0.999994
0.999993
0.999994
0.999993
0.999995
0.999995
0.999994
0.999995
0.999994
0.999995
0.999995
0.999995
0.999996
0.999994
0.999994
0.999995
0.999995
0.999994
0.999996
0.999996
0.999995
0.999996
0.999995
0.999996
0.999995
0.999995
0.999995
0.999995
0.999995
0.999995
0.999998
0.999989
1
0.999985
1
1
0.999985
1
1
1
0.999986
0.999986
0.999986
1
1
0.999987
1
0.999986
0.999986
0.999986
1
0.999987
0.999987
0.999987
1
0.999977
1
0.999967
0.999967
1
0.999957
0.99998
0.99995
0.999961
0.999977
0.999993
0.999983
0.999996
AGENT_1
0.521904
0.653502
0.769904
0.874943
0.931506
0.965233
0.982304
0.991418
0.994866
0.996588
0.99806
0.998806
0.99925
0.99953
0.999673
0.999778
0.999843
0.999897
0.999926
0.999953
0.999968
0.999977
0.99998
0.999983
0.999983
0.999985
0.999987
0.999988
0.999989
0.999989
0.99999
0.99999
0.99999
0.99999
0.99999
0.999991
0.999991
0.999991
0.999991
0.999991
0.999991
0.999991
0.99999
0.999989
0.99999
0.99999
0.999991
0.99999
0.99999
0.99999
0.999991
0.999991
0.999991
0.999991
0.999992
0.999992
0.999992
0.999992
0.999991
0.999992
0.999991
0.999991
0.999992
0.999992
0.999993
0.999993
0.999993
0.999993
0.999993
0.999992
0.999992
0.999992
0.999993
0.999993
0.999994
0.999995
0.999996
0.999996
0.999996
0.999996
0.999996
0.999996
0.999997
0.999996
0.999997
0.999996
0.999999
0.999999
0.999994
0.999994
1
0.999988
1
1
0.99999
0.99999
1
0.99999
1
1
0.999987
0.999987
0.999987
1
1
0.999975
1
0.999947
1
1
1
0.999906
0.999906
1
0.99993
1
1
0.99994
0.99994
1
0.999963
1
0.999979
0.999979
1
1
0.99999
1
0.99999
1
0.999991
1
0.999994
AGENT_2
0.564064
0.666717
0.746211
0.836523
0.894259
0.941352
0.974141
0.989533
0.995565
0.99694
0.998786
0.998985
0.999233
0.999354
0.999436
0.999572
0.999681
0.999779
0.999841
0.999875
0.999895
0.999911
0.999931
0.999947
0.999957
0.999965
0.999972
0.999977
0.999981
0.999984
0.999987
0.999988
0.999989
0.999989
0.999989
0.999989
0.99999
0.99999
0.99999
0.99999
0.999991
0.999991
0.999991
0.999992
0.999992
0.999992
0.999992
0.999992
0.999992
0.999992
0.999991
0.999991
0.999991
0.999992
0.999993
0.999992
0.999992
0.999992
0.999992
0.999992
0.999992
0.999992
0.999992
0.999992
0.999993
0.999994
0.999994
0.999994
0.999994
0.999994
0.999996
0.999997
0.999997
0.999997
0.999997
0.999997
0.999997
0.999999
0.999996
0.999999
0.999999
0.999995
0.999999
0.999999
0.999994
0.999999
0.999999
0.999993
0.999993
1
1
1
0.999989
0.999989
0.999989
0.999989
0.999989
0.999989
1
0.999986
0.999986
0.999986
1
0.999989
0.999989
1
1
0.999993
1
0.999989
1
0.99999
1
1
0.99999
0.99999
1
1
0.999992
0.999992
0.999992
1
0.999993
0.999999
0.999994
0.999996
0.999995
0.999996
0.999996
0.999996
0.999996
0.999996
0.999996
0.999996
0.999996
0.999996
STATISTICAL_AREA_0
0.449887
0.556698
0.667538
0.757958
0.826431
0.879605
0.931947
0.95674
0.972207
0.983164
0.988456
0.992279
0.994391
0.995796
0.996863
0.997586
0.998161
0.998611
0.998958
0.999216
0.99939
0.999507
0.999584
0.999669
0.999744
0.999798
0.999837
0.999865
0.999892
0.999896
0.999909
0.999917
0.999937
0.999934
0.999951
0.999951
0.999951
0.999944
0.99996
0.999949
0.999963
0.999968
0.999971
0.999975
0.999978
0.999981
0.999983
0.999988
0.999989
0.999991
0.999991
0.999992
0.999993
0.999993
0.999993
0.999994
0.999994
0.999994
0.999993
0.999993
0.999993
0.999993
0.999993
0.999993
0.999993
0.999994
0.999994
0.999994
0.999994
0.999993
0.999993
0.999993
0.999994
0.999994
0.999994
0.999995
0.999995
0.999995
0.999994
0.999995
0.999995
0.999994
0.999995
0.999995
0.999994
0.999994
0.999994
0.999995
0.999994
0.999993
0.999993
0.999993
0.999993
0.999994
0.999993
0.999992
0.999994
0.999992
0.999993
0.999994
0.999992
0.999993
0.99999
0.99999
0.999984
0.999972
0.999969
0.999975
0.999899
0.999897
0.999893
0.999907
0.999902
0.999912
0.9999
0.999895
0.999918
0.999896
0.999926
0.999897
0.999961
0.999982
0.999989
0.999993
0.999994
STATISTICAL_AREA_1
0.529437
0.639959
0.761449
0.837952
0.890862
0.933599
0.959043
0.974537
0.984701
0.990802
0.994074
0.995921
0.997274
0.998098
0.998725
0.999133
0.999301
0.999473
0.999621
0.999715
0.999793
0.999848
0.999886
0.999908
0.999929
0.999941
0.99995
0.999956
0.999963
0.999969
0.999972
0.999977
0.99998
0.999979
0.999983
0.999984
0.999982
0.999986
0.999986
0.999986
0.999986
0.999986
0.999986
0.999984
0.999985
0.999987
0.999987
0.999986
0.999987
0.999987
0.999987
0.999987
0.999987
0.999988
0.999988
0.999988
0.999988
0.999988
0.999986
0.999986
0.999985
0.999987
0.999988
0.999989
0.999991
0.99999
0.999992
0.999992
0.999992
0.99999
0.999988
0.999985
0.999989
0.999988
0.999991
0.999991
0.999988
0.999989
0.999989
0.999991
0.999993
0.999994
0.999992
0.999993
0.99999
0.999991
0.999992
0.999992
0.999993
0.999991
0.999993
0.999993
0.999993
0.999994
0.999993
0.999986
0.99999
0.999987
0.999981
0.999945
0.999893
0.999898
0.999889
0.999866
0.999866
0.999868
0.999866
0.999874
0.999857
0.999882
0.999873
0.999897
0.999896
0.999907
0.999899
0.999892
0.999917
0.99989
0.999924
0.999896
0.999961
0.999982
0.99999
0.999993
0.999993
0.999994
0.999995
0.999995
0.999995
0.999995
0.999995
0.999996
0.999995
STATISTICAL_AREA_2
0.516762
0.622129
0.724465
0.804976
0.86523
0.908402
0.938454
0.959477
0.972296
0.980837
0.986299
0.989617
0.992195
0.993848
0.995069
0.996217
0.998067
0.998524
0.998885
0.999119
0.999312
0.99949
0.999617
0.999711
0.99979
0.999848
0.999887
0.999912
0.999934
0.999951
0.99996
0.999968
0.999973
0.999977
0.99998
0.999982
0.999982
0.999983
0.999985
0.999986
0.999986
0.999987
0.999987
0.999989
0.999988
0.999988
0.999988
0.999988
0.999988
0.999988
0.999988
0.999988
0.999988
0.999988
0.999988
0.999988
0.999989
0.999989
0.999989
0.999991
0.999991
0.999992
0.999992
0.999992
0.999993
0.999992
0.999992
0.999993
0.999992
0.999992
0.999993
0.999991
0.999994
0.999992
0.999995
0.999995
0.999994
0.999994
0.999993
0.999993
0.999994
0.999994
0.999993
0.999994
0.999993
0.999993
0.999994
0.999994
0.999993
0.999992
0.999993
0.999993
0.999994
0.999994
0.999994
0.999993
0.999994
0.999993
0.999994
0.999994
0.999993
0.999993
0.999993
0.999991
0.999987
0.999983
0.999985
0.999992
0.999977
0.999965
0.999961
0.999962
0.999952
0.99997
0.999962
0.999916
0.999939
0.999914
0.999966
0.99994
0.999972
0.999986
0.999989
0.999993
0.999994
0.999994
0.999995
0.999995
0.999995
0.999995
0.999994
0.999995
0.999994
0.999994
0.999994
0.999994
===========================================================
bias: 0.5
tendency: 0.1
===========================================================
bias: 0.4
tendency: 0.1
===========================================================
bias: 0.5
tendency: 0.1
===========================================================
bias: 0
tendency: 0.1
===========================================================
bias: 0
tendency: 0.1
===========================================================
bias: 0
tendency: 0.1
===========================================================
bias: 0.1
tendency: 0.1
===========================================================
bias: 0
tendency: 0.1
===========================================================
bias: 0
tendency: 0.1
===========================================================
bias: 0
tendency: 0.1
===========================================================
bias: 0
tendency: 0.1
===========================================================
bias: 0.1
tendency: 0.1
===========================================================
bias: 0.2
tendency: 0.1
===========================================================
bias: 0.3
tendency: 0.1
===========================================================
bias: 0
tendency: 0.1
===========================================================
bias: 0
tendency: 0.1
===========================================================
bias: 0
tendency: 0.1
===========================================================
bias: 0
tendency: 0.1
===========================================================
bias: 0
tendency: 0.1
===========================================================
bias: 0
tendency: 0.1
===========================================================
bias: 0
tendency: 0.1
===========================================================
bias: 0
tendency: 0.1
===========================================================
bias: 0
tendency: 0.1
===========================================================
bias: 0
tendency: 0.1
===========================================================
bias: 0
tendency: 0.1
===========================================================
bias: 0
tendency: 0.1
===========================================================
bias: 0
tendency: 0.1
===========================================================
bias: 0
tendency: 0.1
===========================================================
bias: 0
tendency: 0.1
===========================================================
bias: 0
tendency: 0.1
===========================================================
bias: 0
tendency: 0.1
===========================================================
